0.000520945
0.000500917
0.000507116
0.000756979
0.000742912
0.000611067
0.000761986
0.000607014
0.000369072
0.000544071
0.000391006
0.000535011
0.000375032
0.000500917
0.000427961
0.000550985
0.000361919
0.000384808
0.000426054
0.000373125
0.000577927
0.000400066
0.000400066
0.000475883
0.000341892
0.000339985
0.000342131
0.000466108
0.000368834
0.000503778
0.000345945
0.000478029
0.000351906
0.000347853
0.000480175
0.000422001
0.000452995
0.000516891
0.00050807
0.000602961
0.000417948
0.000414133
0.000458956
0.000456095
0.00051713
0.000533104
0.000593901
0.00072217
0.000364065
0.000348091
0.000466108
0.000356197
0.000360012
0.000448942
0.000339985
0.000460148
0.000341177
0.000347137
0.000473976
0.000344992
0.000478983
0.000344992
0.000376225
0.000470161
0.000327826
0.000342846
0.000343084
0.000485182
0.000349045
0.000380039
0.000389099
0.000473976
0.000359058
0.000445127
0.000411034
0.000422001
0.000528097
0.000610113
0.000571012
0.000558853
0.000421047
0.000396967
0.000411034
0.000468969
0.000527859
0.000529051
0.000565052
0.000684977
0.000360966
0.000344038
0.000350952
0.000361919
0.00039196
0.000468016
0.000353098
0.000482082
0.000331879
0.000348091
0.00037694
0.000415087
0.000490189
0.000351191
0.000386
0.000481844
0.000375986
0.000355959
0.000396967
0.000447035
0.000339031
0.000382185
0.000401974
0.000480175
0.000361919
0.00037384
0.000415087
0.000464916
0.000497818
0.000490904
0.000629902
0.000562906
0.000421047
0.000527859
0.000430107
0.000412941
0.000422001
0.000507832
0.000547886
0.000581026
0.000351906
0.000353098
0.0004251
0.000463963
0.000344992
0.000466108
0.000334024
0.000468016
0.000339031
0.000328064
0.000349045
0.000379086
0.00049901
0.000349998
0.000333071
0.000463009
0.000346899
0.000447035
0.000342131
0.000432014
0.000360012
0.000355005
0.00039196
0.000477791
0.000370979
0.000414133
0.000404119
0.000509977
0.000542164
0.000561953
0.000561953
0.000665903
0.000383854
0.000404119
0.000427961
0.000477076
0.000487089
0.000524044
0.000537872
0.000617027
0.000559092
0.000570059
0.000541925
0.000520945
0.000648022
0.000634909
0.000530958
0.000568867
0.000348091
0.000369072
0.000360966
0.00050807
0.000343084
0.00046587
0.000503063
0.000341892
0.000357866
0.000346184
0.000334978
0.00045681
0.000363827
0.000448942
0.000331163
0.000497103
0.000380039
0.000408888
0.000418901
0.000522137
0.000467062
0.0006001
0.000486135
0.000699043
0.000381947
0.000398159
0.000406027
0.000470877
0.000473976
0.000527143
0.000579834
0.000559092
0.000339985
0.000432014
0.000329018
0.000453949
0.000345945
0.000463963
0.000338078
0.000460148
0.000349998
0.000401974
0.000458002
0.000440121
0.00035882
0.000343084
0.000344038
0.000469208
0.000348091
0.000332832
0.000365019
0.000394821
0.000484943
0.000402927
0.000341892
0.000463963
0.000414848
0.000420094
0.00052619
0.000550985
0.000586033
0.000594139
0.000602961
0.000663042
0.000418901
0.000427008
0.000445127
0.000432014
0.000461102
0.000544071
0.000555992
0.000562906
0.000344992
0.000346184
0.000347137
0.00037694
0.000364065
0.000443935
0.000409126
0.000469208
0.00033617
0.000344038
0.000351191
0.000359058
0.000482082
0.000368834
0.000386953
0.000467062
0.000338078
0.000328779
0.000363111
0.000482082
0.000344038
0.000349998
0.00037694
0.000464916
0.000384092
0.000390053
0.000507116
0.000532866
0.000418901
0.00068903
0.000723839
0.000647068
0.000383854
0.000479937
0.000416994
0.00039196
0.000380039
0.000524998
0.000545979
0.00056386
0.000329018
0.000356197
0.000409126
0.000372887
0.000377178
0.00045681
0.000348806
0.000468016
0.000326872
0.000344992
0.000341892
0.000473022
0.000338078
0.000347853
0.000372887
0.000486135
0.000333071
0.000344992
0.000473022
0.000335932
0.000458002
0.000354052
0.000370979
0.000447035
0.000385046
0.000535965
0.000690937
0.000388861
0.000553131
0.000487804
0.00051403
0.000675917
0.000427961
0.000432968
0.000416994
0.000436068
0.000513077
0.000543118
0.000585079
0.000586033
0.000333071
0.000436783
0.000324965
0.000447035
0.000334024
0.000476837
0.000349045
0.000469923
0.00033617
0.000346899
0.00032711
0.000326872
0.000451803
0.000364065
0.000398874
0.000487089
0.000352144
0.000330925
0.000354052
0.000334978
0.000332117
0.000456095
0.000334978
0.000453949
0.000378132
0.000413895
0.000510931
0.000542879
0.000550032
0.000450134
0.000547886
0.000710964
0.000370979
0.000407219
0.000386953
0.000442028
0.000458956
0.000527859
0.000521898
0.000547171
0.000347853
0.000337839
0.000463009
0.000315905
0.000440121
0.000374079
0.000411987
0.00049305
0.000426769
0.000399113
0.000330925
0.000513792
0.00033617
0.000438929
0.000326872
0.000449896
0.000340939
0.0003829
0.000463009
0.000349045
0.000473022
0.000387907
0.000384808
0.000507116
0.000422955
0.000426054
0.000545979
0.000559092
0.000551939
0.000444174
0.000669003
0.000689983
0.000440836
0.000457048
0.000439167
0.000448942
0.000569105
0.00058794
0.000664949
0.000672817
0.000346899
0.000456095
0.000339985
0.000470877
0.000342131
0.000513077
0.000353098
0.000478029
0.000342131
0.000398874
0.000419855
0.000380993
0.000355959
0.00048089
0.000333786
0.000344992
0.000498772
0.000334024
0.000386953
0.000341892
0.000339031
0.000365019
0.000381947
0.000469923
0.00039196
0.000414848
0.000407219
0.000549078
0.000568151
0.000501871
0.000649929
0.000682116
0.000411987
0.000427008
0.000431061
0.000427008
0.000473022
0.000559092
0.000538826
0.000586987
0.000339031
0.000354052
0.000379086
0.000342131
0.000458956
0.000498056
0.000338078
0.000463009
0.000353098
0.000398874
0.000496864
0.000329018
0.000337124
0.000339985
0.000399113
0.000460148
0.000354052
0.000350952
0.000494003
0.000360966
0.000351906
0.000333071
0.000392914
0.000430822
0.000380039
0.000422001
0.000496864
0.000580072
0.000590801
0.000602961
0.000725031
0.000591993
0.000392914
0.00047183
0.000416994
0.000418901
0.000420094
0.000520945
0.000555992
0.000561953
0.000339031
0.000348806
0.000329018
0.000349045
0.000391006
0.000461102
0.000341177
0.000466108
0.000338078
0.000334024
0.000371933
0.000391006
0.000423193
0.000527143
0.000336885
0.000458956
0.000339985
0.000360966
0.000442982
0.000335932
0.000349045
0.000467062
0.000332117
0.000455141
0.000427961
0.000481129
0.000444889
0.000576973
0.00058794
0.000619173
0.000575066
0.000757933
0.000386953
0.000520945
0.000444889
0.000442982
0.0004251
0.000534058
0.000553846
0.000530958
0.000334024
0.000344038
0.000391006
0.000391006
0.000466824
0.000339985
0.00040102
0.000439882
0.000346184
0.000371933
0.000391006
0.000486851
0.000350952
0.000440836
0.000329971
0.000453949
0.000370979
0.00039196
0.000469923
0.000337124
0.000354052
0.000440121
0.000348091
0.000379086
0.000398874
0.000414848
0.000524044
0.000411987
0.000543118
0.000468016
0.000659943
0.000710964
0.00041604
0.000432968
0.000421047
0.000423908
0.000504971
0.000518799
0.000549078
0.000518084
0.000334024
0.000336885
0.000433922
0.000358105
0.000381947
0.000453949
0.000344038
0.000468016
0.000354052
0.000348091
0.000331879
0.000386
0.000422955
0.00057888
0.000328064
0.000495195
0.000344992
0.000333071
0.000486135
0.000339985
0.000349998
0.000342131
0.000384092
0.000469923
0.000397921
0.000560999
0.000422001
0.000521183
0.000455856
0.000494003
0.000673056
0.000699043
0.00045085
0.00045681
0.000422001
0.000447989
0.000535965
0.000558138
0.00061202
0.000607014
0.000334024
0.000339031
0.000417948
0.000426054
0.000524044
0.000356913
0.000375986
0.000445843
0.000344038
0.000488997
0.000352144
0.000476837
0.000326872
0.000334978
0.000377893
0.000442028
0.000334978
0.000337839
0.000328064
0.000323057
0.000324011
0.000432968
0.000329018
0.000451803
0.000415087
0.000420094
0.000540972
0.000545025
0.000549078
0.000571012
0.000597954
0.000608921
0.000355005
0.000373125
0.000431061
0.000437021
0.000448942
0.000494003
0.000560999
0.000689983
0.000327826
0.000355005
0.000442028
0.000342131
0.000462055
0.000342131
0.000356913
0.000468969
0.000348806
0.000373125
0.000339985
0.000465155
0.000334978
0.000364065
0.000390053
0.00047493
0.000324965
0.000334978
0.000336885
0.000334024
0.000344038
0.000432014
0.000432968
0.000512123
0.00041914
0.000417948
0.0004282
0.000499964
0.000541925
0.000449896
0.000625134
0.0006001
0.000373125
0.000403881
0.000422955
0.000469923
0.000488043
0.000524998
0.000573874
0.00056982
0.000344992
0.00044179
0.000344038
0.000458956
0.00032711
0.000418186
0.000396013
0.000485897
0.000355005
0.000326157
0.000328064
0.00045085
0.000357151
0.000420094
0.000419855
0.00048995
0.000339031
0.000344038
0.000362873
0.000584126
0.000344992
0.00047493
0.000342846
0.00046277
0.000403166
0.000411987
0.000406027
0.000538111
0.000562191
0.00056386
0.000669956
0.000579834
0.000422001
0.000543118
0.00070405
0.000433922
0.000396967
0.000476122
0.000519037
0.000563145
0.000345945
0.000339985
0.000346899
0.000482082
0.000353098
0.000370026
0.000397205
0.000513077
0.000348806
0.000319004
0.000375032
0.000517845
0.000339031
0.000355959
0.000387907
0.000467062
0.000344992
0.000424147
0.000335932
0.000477076
0.000332117
0.000439882
0.000339985
0.000463963
0.000383854
0.000391006
0.00041008
0.00048995
0.000501871
0.000458002
0.000527859
0.000627041
0.000355005
0.000424147
0.000428915
0.000402927
0.000452995
0.000527859
0.000550032
0.000527143
0.000345945
0.000452042
0.000345945
0.000329971
0.000454903
0.000360012
0.000396013
0.000470161
0.000348091
0.000339985
0.000331879
0.000458956
0.000343084
0.000442982
0.000348091
0.000501871
0.000334978
0.000333071
0.000454903
0.000332117
0.000334978
0.000365019
0.000396013
0.000478983
0.000385046
0.000540972
0.000433922
0.000447989
0.000571966
0.000586033
0.000561953
0.000584126
0.000356913
0.000416994
0.000422001
0.000432968
0.000422955
0.000448942
0.000492096
0.000512123
0.000328064
0.000334024
0.000326157
0.000377893
0.000370979
0.000460863
0.000353098
0.000443935
0.000336885
0.000338078
0.0003438
0.000359058
0.0003829
0.000458002
0.000336885
0.000458002
0.000370026
0.000348091
0.000346184
0.000344992
0.000499964
0.000354052
0.000381947
0.000484943
0.000411987
0.000420094
0.000539064
0.000545025
0.000505209
0.000622988
0.000590086
0.000746012
0.000395775
0.000361919
0.000415087
0.000468016
0.00053215
0.000542879
0.000569105
0.000676155
0.000349045
0.000337124
0.000491858
0.000458002
0.000336885
0.00043416
0.000332832
0.000391006
0.000366926
0.000339985
0.000329018
0.000483036
0.000345945
0.000361919
0.00037694
0.000458002
0.000346899
0.000342846
0.000348091
0.00041604
0.000341892
0.00037694
0.000385046
0.000463963
0.000398874
0.000402927
0.000495195
0.000509024
0.000577927
0.000451088
0.000467062
0.00065589
0.000356197
0.000440121
0.000418186
0.000421047
0.000433922
0.000510931
0.00051403
0.000569105
0.000365973
0.000460863
0.000360012
0.000485897
0.000357866
0.000396013
0.000396967
0.000482082
0.000334978
0.000334978
0.000389814
0.000494003
0.000346899
0.000460148
0.000344992
0.000469923
0.000328064
0.000422955
0.000409126
0.00032115
0.000464916
0.000401974
0.000333071
0.000455141
0.000442028
0.000447989
0.000452042
0.000465155
0.000511169
0.000595093
0.000608206
0.000537872
0.000367165
0.000421047
0.000411987
0.000468016
0.000535011
0.000614882
0.000653982
0.000618935
0.000355005
0.000380993
0.000337124
0.000332832
0.000378847
0.000426054
0.000344992
0.000494957
0.000345945
0.000327826
0.000369072
0.000370026
0.000396013
0.000477076
0.00032711
0.000465155
0.000334024
0.000330925
0.000339031
0.000383854
0.000440836
0.000344038
0.000361919
0.000471115
0.000397921
0.000427008
0.000463009
0.000616074
0.000504017
0.000590086
0.000623941
0.000749111
0.000403166
0.000456095
0.000458956
0.000435829
0.000519991
0.000518799
0.000561953
0.000712872
0.000349045
0.000348091
0.000380993
0.000365019
0.000375986
0.000456095
0.000342131
0.000468969
0.000319004
0.000339985
0.000349998
0.000370979
0.000482082
0.000344992
0.000334024
0.000501871
0.000373125
0.00050211
0.000380039
0.000470161
0.000334024
0.000432014
0.000324965
0.000451088
0.000364065
0.000429869
0.000456095
0.000490189
0.000409126
0.000580072
0.000519991
0.000654936
0.000432014
0.000444174
0.000420094
0.000422001
0.000542879
0.000560999
0.000576973
0.000582933
0.000335217
0.000390053
0.000360966
0.000503778
0.000329018
0.000445127
0.000348091
0.000473022
0.000332117
0.000344038
0.000344992
0.000365019
0.000507116
0.000348806
0.000331879
0.000459909
0.000354052
0.000389099
0.000463963
0.000374079
0.000341892
0.000466108
0.000332117
0.000452995
0.000432968
0.000435829
0.000557184
0.000576019
0.000458956
0.000591993
0.000744104
0.000638962
0.000405073
0.000415087
0.000427008
0.000428915
0.000550985
0.000560999
0.000580072
0.00058198
0.000357151
0.000334024
0.000360966
0.000383854
0.00048089
0.000383139
0.000415087
0.000471115
0.000344038
0.000384092
0.000406981
0.000485182
0.000345945
0.000368118
0.000393867
0.000473022
0.000334978
0.000472069
0.000335932
0.00046587
0.000344038
0.000409126
0.000420094
0.000505209
0.000428915
0.000449896
0.000431061
0.000553846
0.000575066
0.000533819
0.000733137
0.000751972
0.000430107
0.000399113
0.000462055
0.000428915
0.000544071
0.000559092
0.000569105
0.000579119
0.000337839
0.000427961
0.000353098
0.000479937
0.000344038
0.000470877
0.000352859
0.000472069
0.000355005
0.000340939
0.000334024
0.000355005
0.000478983
0.000355005
0.000375032
0.000487804
0.000354052
0.000348091
0.000464201
0.000355005
0.000344038
0.000515938
0.000350952
0.000467062
0.000410795
0.000422955
0.000440121
0.000509977
0.000550032
0.000555038
0.000491858
0.000559807
0.000401974
0.000425816
0.00041914
0.000421047
0.000516891
0.000531912
0.000554085
0.00057888
0.000338078
0.000343084
0.000345945
0.000352859
0.000389099
0.000470161
0.000324011
0.000464916
0.000369072
0.000354052
0.000334024
0.0005548
0.000342846
0.000375032
0.000406027
0.000498056
0.000363111
0.000374079
0.000471115
0.000331879
0.000336885
0.000463009
0.000336885
0.000503063
0.000413895
0.000427008
0.000552893
0.000555992
0.000557899
0.000578165
0.000616074
0.000641108
0.000427008
0.000552177
0.000437021
0.000428915
0.000422001
0.000477076
0.000560045
0.000530005
0.000342131
0.000343084
0.000329971
0.000530005
0.000345945
0.000361919
0.000389099
0.000477076
0.000360012
0.000349998
0.000363827
0.000451088
0.000339985
0.000466108
0.000341892
0.000463009
0.000349045
0.000334024
0.000341177
0.000347137
0.000430107
0.000387192
0.000371933
0.000487089
0.000386953
0.000602961
0.000400066
0.000407934
0.000496864
0.000407934
0.000494957
0.000642061
0.000391006
0.000426054
0.000437975
0.00047493
0.000496864
0.000525951
0.000550032
0.000557899
0.000351906
0.000350952
0.000402927
0.000406027
0.000488997
0.000334978
0.000351906
0.000427008
0.000329971
0.000336885
0.000402927
0.000435829
0.000334978
0.000370979
0.000399113
0.000481129
0.00041604
0.00041008
0.000541925
0.000501156
0.000353098
0.000351906
0.000399828
0.000452995
0.000385046
0.000494003
0.000405788
0.000412941
0.000488043
0.000401974
0.000632048
0.00066185
0.000385046
0.000411034
0.000409126
0.000457048
0.000468016
0.000486851
0.000486135
0.000545979
0.000350952
0.000365019
0.000452995
0.000347137
0.000394821
0.000442982
0.000337839
0.000459909
0.000339031
0.000342846
0.000367165
0.000368118
0.000394106
0.000476122
0.000330925
0.000459909
0.000355005
0.000337124
0.000353098
0.000360966
0.000377893
0.000541925
0.000355005
0.000479937
0.000388145
0.000422001
0.000562906
0.000567913
0.000505924
0.000601053
0.000725031
0.000632048
0.000339031
0.000403881
0.000419855
0.000416994
0.000447035
0.00052309
0.00051403
0.000699043
0.000362873
0.000334024
0.000457048
0.000337839
0.000456095
0.000329018
0.00037694
0.000436068
0.000336885
0.000334978
0.000320911
0.000447035
0.000343084
0.000519991
0.000347853
0.000468016
0.000349998
0.000331163
0.000362873
0.000359058
0.000473022
0.000334024
0.000365973
0.000463009
0.000370026
0.000416994
0.000429869
0.000545979
0.000560045
0.00048399
0.000612974
0.000674009
0.000363827
0.000414848
0.000423908
0.000461102
0.000465155
0.000500202
0.000571966
0.000656128
0.000331879
0.000422001
0.000426054
0.000352859
0.000485182
0.000347853
0.000397921
0.000474215
0.000360012
0.000470877
0.000339031
0.000343084
0.000356197
0.000473976
0.000329018
0.000452042
0.000360012
0.000362873
0.000344992
0.000350952
0.000469923
0.000378847
0.000386
0.000509977
0.000394106
0.00041914
0.000581026
0.000595093
0.000508785
0.000537157
0.00069499
0.000750065
0.000389814
0.00050211
0.000421047
0.0003829
0.000424862
0.000483036
0.000545025
0.000574112
0.000346899
0.00039196
0.000336885
0.000507832
0.000346899
0.000349045
0.00039196
0.000479937
0.000349998
0.000341177
0.000354052
0.000472069
0.000348091
0.000390053
0.000402927
0.000479937
0.000345945
0.000348091
0.0003829
0.000448942
0.000341892
0.000470877
0.000347137
0.000472069
0.000391006
0.000571012
0.000412941
0.000434875
0.000448942
0.000626802
0.000553131
0.000648975
0.00041604
0.000519991
0.000422955
0.000383139
0.000462055
0.000526905
0.000553846
0.000699043
0.000347137
0.000344992
0.000354052
0.00036788
0.000483036
0.000339985
0.000388861
0.000462055
0.000357866
0.000465155
0.000370026
0.000534058
0.000322104
0.000349045
0.000381947
0.000472069
0.000339031
0.000339031
0.000342131
0.000468016
0.000361919
0.000483036
0.000339031
0.000463009
0.000427961
0.000464916
0.000433922
0.00047493
0.000599861
0.000514984
0.000535011
0.000623941
0.000421047
0.000444174
0.000420094
0.000425816
0.000535965
0.000561953
0.000577927
0.000566959
0.000356913
0.000334024
0.00036788
0.000443935
0.000337124
0.000456095
0.000334978
0.000458002
0.000335932
0.000434875
0.000439882
0.000337124
0.000338078
0.000480175
0.000349045
0.000483036
0.000330925
0.000347137
0.000351906
0.000342131
0.000352144
0.000436068
0.000329971
0.000455141
0.000386953
0.000413895
0.000418901
0.000519991
0.000443935
0.000442028
0.000518799
0.000653028
0.000427961
0.000565052
0.000394821
0.000439882
0.000436783
0.000494003
0.000574112
0.000580072
0.000353098
0.000334978
0.000349998
0.000340939
0.000487089
0.000334024
0.00037384
0.000422001
0.000350952
0.000336885
0.000344992
0.000458002
0.000348091
0.000368834
0.000397921
0.000495911
0.000335932
0.000333071
0.000326872
0.000445127
0.000337124
0.000458002
0.000339985
0.000462055
0.000427008
0.000429153
0.000530005
0.000555992
0.000470877
0.000541925
0.000758171
0.000761986
0.000370026
0.000378847
0.000465155
0.000535011
0.000530005
0.000568867
0.000580788
0.000658035
0.000339985
0.000473022
0.000340939
0.000340939
0.000391006
0.000458956
0.000333071
0.000457048
0.000334024
0.000366926
0.000348091
0.000390053
0.000452042
0.000354052
0.000362158
0.000478029
0.000349998
0.000331879
0.000463009
0.000348091
0.000469208
0.00036788
0.000412226
0.000466108
0.000391006
0.000417948
0.000436068
0.000439882
0.000567913
0.000583887
0.000488997
0.00057292
0.000422001
0.000516176
0.000428915
0.000384092
0.000420809
0.000490904
0.000522137
0.000557899
0.000363111
0.000350952
0.000420094
0.000413895
0.00048399
0.000355005
0.000391006
0.000467062
0.000342131
0.000459194
0.000344992
0.000469923
0.000347137
0.000360012
0.000390053
0.000469923
0.000331163
0.000375032
0.000387907
0.000473976
0.000362158
0.000462055
0.000449896
0.000339031
0.0003829
0.000390768
0.00051713
0.000561953
0.000504017
0.000565052
0.000644922
0.000576019
0.000390053
0.000428915
0.000424147
0.000492096
0.000468016
0.000555038
0.000562906
0.000631809
0.000330925
0.000427008
0.000343084
0.000461102
0.00032711
0.000354052
0.000399113
0.000469923
0.000352144
0.000329971
0.000338078
0.000424862
0.000336885
0.000472069
0.000329971
0.000463963
0.000345945
0.000332117
0.000347137
0.000325918
0.000355959
0.000348806
0.00037694
0.000443935
0.000354052
0.000396013
0.000354052
0.000415087
0.000527859
0.000473976
0.000530958
0.000625849
0.000335217
0.000519991
0.000375032
0.000439882
0.000435114
0.00049901
0.000538111
0.000542879
0.000355005
0.0003829
0.000334024
0.000445843
0.000349998
0.000473976
0.000335932
0.000458956
0.000349998
0.000333071
0.000335932
0.000447035
0.000325918
0.000347853
0.000375986
0.000446081
0.000341892
0.000339985
0.000334024
0.000449896
0.000342131
0.000440121
0.000349045
0.000514984
0.000430107
0.000437021
0.00054884
0.000565052
0.00048995
0.000597954
0.000597
0.000739813
0.000381947
0.000380039
0.000429869
0.000424862
0.000524044
0.000530005
0.000535965
0.000562906
0.000333071
0.000442028
0.000333071
0.000446081
0.000354052
0.000389814
0.000402212
0.000473022
0.000341892
0.000339031
0.000385046
0.000467062
0.000349045
0.000380993
0.000397921
0.000519037
0.000344038
0.000405073
0.000470877
0.000330925
0.000340939
0.000370979
0.000385046
0.000492096
0.000417948
0.000428915
0.000555992
0.000509977
0.000552177
0.000510931
0.000690937
0.000708103
0.00041008
0.000414133
0.000406981
0.000427008
0.000480175
0.000504017
0.000566959
0.000566006
0.000407934
0.000358105
0.000351906
0.000359058
0.000384092
0.000533104
0.000346899
0.000488997
0.000375032
0.000335932
0.000339031
0.000380039
0.000388861
0.000469923
0.000352859
0.000475883
0.000334024
0.000339985
0.000398159
0.000417948
0.000494003
0.00039196
0.000396013
0.000481844
0.000396967
0.000434875
0.000424147
0.000524044
0.000545979
0.000524998
0.000730038
0.000733137
0.000383854
0.00037694
0.000437021
0.000446081
0.000512123
0.000529051
0.000583887
0.000693083
0.0003438
0.000470161
0.000344038
0.000338078
0.000388145
0.000468969
0.00033617
0.000463963
0.000346184
0.000432968
0.000349045
0.000337839
0.000387192
0.000463009
0.000340939
0.000485897
0.000342846
0.000335932
0.000339031
0.000330925
0.000411034
0.000432968
0.000334978
0.000460863
0.000426054
0.000440121
0.000524998
0.000559092
0.000468969
0.000566006
0.000734091
0.000749826
0.000386
0.00041604
0.000394821
0.000446081
0.000481129
0.000550032
0.000535011
0.000681877
0.000422001
0.000338078
0.000345945
0.000466824
0.000338078
0.000499964
0.000342131
0.00047493
0.000332832
0.000346184
0.000363111
0.000380993
0.000372887
0.000447035
0.000347853
0.000516891
0.00037384
0.000348806
0.000469923
0.000349045
0.000345945
0.00047493
0.000344992
0.000466108
0.000394106
0.000564098
0.000405073
0.000411987
0.000514984
0.000458002
0.000472069
0.000706911
0.000391006
0.000412941
0.000412941
0.000403881
0.000515938
0.000520945
0.000544071
0.000540972
0.000346184
0.000396013
0.000424862
0.00050807
0.000329971
0.000422001
0.000315905
0.000441074
0.000339985
0.000386
0.000411987
0.00037694
0.000344992
0.000345945
0.000391006
0.000473976
0.000380993
0.000342846
0.000340223
0.000467062
0.000344992
0.000349998
0.000380039
0.00047183
0.000393867
0.000554085
0.000421047
0.000500917
0.000378847
0.000576019
0.000651121
0.000562906
0.00039506
0.000413895
0.000391006
0.000475883
0.000501871
0.000479937
0.000501156
0.000579119
0.000334024
0.000456095
0.000340939
0.00046587
0.000327826
0.000470877
0.00031805
0.000444889
0.000337124
0.000375986
0.000450134
0.000344038
0.000328064
0.000455856
0.000338078
0.000473976
0.000335932
0.000339985
0.000370979
0.00037694
0.000468969
0.000356913
0.000370979
0.000483036
0.000400066
0.000398874
0.000411987
0.000500917
0.000435114
0.000431061
0.00057292
0.000602007
0.000384808
0.000380993
0.000466824
0.000441074
0.000483036
0.000555038
0.000576019
0.000593901
0.000349998
0.000420809
0.000433922
0.000501871
0.000338078
0.00041914
0.000322819
0.00044179
0.000344038
0.000461102
0.000340939
0.000348091
0.000345945
0.000367165
0.000339985
0.000465155
0.000351906
0.000329018
0.000338078
0.000344038
0.000340223
0.000400066
0.000402927
0.000476122
0.000426054
0.000434875
0.000550032
0.000553131
0.000556946
0.000430107
0.000546932
0.000746012
0.000377893
0.000548124
0.000398874
0.00043416
0.00045085
0.000485182
0.00052619
0.000509977
0.000333786
0.000344992
0.000344038
0.000370979
0.000452042
0.000334024
0.000369072
0.000453949
0.000334978
0.000462055
0.000348806
0.000473022
0.000348091
0.000334024
0.000375032
0.000437021
0.000335932
0.000336885
0.000494957
0.000381947
0.000339031
0.000442028
0.000325918
0.000448942
0.000391006
0.000535965
0.00052619
0.000494957
0.000588179
0.000714064
0.000940084
0.000941038
0.000380993
0.000451803
0.000472069
0.000433922
0.000566006
0.000550985
0.000507832
0.000581026
0.000355005
0.000351906
0.000387192
0.000469208
0.000353098
0.00050807
0.000346184
0.000513077
0.000374079
0.000413179
0.00048399
0.000380039
0.000343084
0.000342131
0.00039196
0.000462055
0.000343084
0.000463963
0.000338078
0.000383139
0.000346899
0.000349045
0.00037694
0.000468016
0.000389099
0.00041604
0.000427008
0.000516891
0.000567198
0.000435114
0.000528097
0.00067997
0.000375986
0.000366926
0.000411034
0.000385046
0.000433922
0.000458002
0.000449896
0.000527859
0.000344038
0.000370026
0.000326872
0.000369072
0.000336885
0.000463963
0.000334978
0.000463009
0.000349045
0.000325918
0.000369072
0.000388861
0.00047493
0.000339985
0.000334978
0.000456095
0.000346184
0.00036788
0.000332117
0.000442028
0.000334024
0.000348806
0.000353813
0.000477076
0.000363827
0.000509977
0.000390053
0.000484943
0.000447989
0.000569105
0.000501156
0.000614882
0.000430107
0.000424147
0.000452042
0.000423908
0.000506878
0.000558853
0.000593901
0.000562906
0.000346899
0.000339985
0.000334024
0.000340939
0.000386
0.000437975
0.000329971
0.000498056
0.000360012
0.000380993
0.000370026
0.000385046
0.000466108
0.000365019
0.000386
0.000458956
0.000329971
0.000452995
0.000348091
0.000458002
0.00033617
0.000348806
0.000437021
0.000463963
0.000377893
0.000428915
0.000444174
0.000556231
0.000565052
0.000448942
0.000597
0.000715971
0.000401974
0.000422955
0.000475883
0.00043416
0.000495911
0.000552893
0.000578165
0.000616074
0.000356197
0.00044322
0.000346899
0.00047493
0.000353098
0.000473976
0.000349045
0.000473022
0.000331879
0.000341892
0.000363827
0.000397921
0.000454903
0.000488043
0.000357866
0.00048995
0.000354052
0.000447035
0.000367165
0.000325918
0.000455856
0.000393867
0.000408888
0.000495911
0.000375986
0.000404119
0.000418186
0.000500202
0.000470877
0.000437975
0.000567913
0.000694036
0.000433922
0.000440121
0.000422955
0.000413179
0.000499964
0.000535965
0.000607967
0.000625134
0.00035882
0.000341177
0.000352144
0.000474215
0.000334024
0.000519037
0.000412941
0.000536919
0.000339031
0.000348091
0.000451803
0.000359058
0.000480175
0.000380039
0.000338078
0.000463963
0.000329018
0.000422001
0.000379801
0.000346899
0.000436068
0.000373125
0.00040102
0.00050211
0.000369072
0.000386
0.000506163
0.000540972
0.000564098
0.000422955
0.000645161
0.000592947
0.000355959
0.000365973
0.00041914
0.000426054
0.000443935
0.000509024
0.000530005
0.000684977
0.00040102
0.000353098
0.000343084
0.000346184
0.000336885
0.000457048
0.000332117
0.000452995
0.000319004
0.000332117
0.000329971
0.000333071
0.000452042
0.000363827
0.000377893
0.000463009
0.000332117
0.000343084
0.000325918
0.000447035
0.000339031
0.000322104
0.000391006
0.000423908
0.000422955
0.000428915
0.000555038
0.00058794
0.000588179
0.000522852
0.000644922
0.000722885
0.0003829
0.000386
0.000432968
0.000446081
0.000504971
0.000482082
0.000488997
0.00048995
0.000355005
0.000342131
0.000355005
0.000346184
0.000363827
0.000445843
0.000348091
0.000470877
0.000331879
0.000334978
0.000437021
0.000355959
0.000477791
0.000339985
0.000366926
0.000438929
0.000339031
0.000463963
0.000344038
0.000463963
0.000325918
0.000422955
0.000319004
0.000441074
0.000430822
0.000435829
0.000560999
0.000581026
0.000581026
0.00059104
0.000642061
0.000621796
0.000415087
0.000436068
0.000426054
0.000442982
0.000533104
0.000534058
0.000538111
0.000566959
0.000355959
0.000339031
0.000432968
0.000339985
0.000460148
0.000345945
0.000374079
0.000442028
0.000333786
0.000333071
0.000334024
0.000453949
0.000341177
0.000463009
0.000356913
0.000468016
0.000330925
0.000334024
0.000334978
0.000329971
0.000362873
0.000344992
0.000404835
0.000452042
0.000380993
0.000412941
0.00050807
0.000509977
0.000544071
0.000543118
0.000592947
0.000553846
0.000417948
0.000415087
0.000415087
0.000447989
0.000471115
0.000500917
0.000529051
0.000610828
0.000345945
0.000360966
0.000349998
0.000466108
0.000333071
0.000474215
0.000321865
0.000440836
0.000427961
0.000432014
0.000425816
0.000359058
0.000477076
0.000417948
0.000342131
0.000473022
0.000343084
0.000533104
0.000338078
0.000360966
0.000339031
0.00047183
0.000331879
0.000505924
0.0003829
0.000422001
0.000424862
0.000542164
0.00054884
0.000432968
0.000648022
0.000720978
0.000422955
0.00039196
0.00048995
0.000485182
0.000459909
0.000605106
0.000521898
0.00058794
0.000556946
0.000622034
0.000580072
0.000611067
0.000762939
0.000516891
0.000550985
0.000645876
0.000339985
0.000459909
0.000349045
0.000471115
0.000344038
0.000375986
0.000391006
0.000475168
0.000342846
0.000339985
0.00045681
0.000339031
0.000341892
0.000344992
0.000375032
0.000439167
0.000421047
0.000436783
0.000440836
0.000442982
0.000473022
0.000608921
0.000529051
0.000617027
0.000375986
0.000401974
0.000438929
0.000403166
0.000467062
0.000531197
0.000540972
0.000558853
0.000342131
0.000432014
0.000360012
0.000604868
0.000355959
0.000339031
0.000388861
0.000446081
0.000334978
0.000369072
0.000348091
0.000467062
0.000335932
0.000439882
0.000328064
0.000447035
0.000332117
0.000330925
0.000357866
0.000334978
0.000463963
0.000352144
0.000379801
0.000481129
0.000398874
0.000411987
0.000490189
0.000524044
0.000542879
0.000552177
0.00048399
0.000648022
0.0004251
0.000463963
0.000441074
0.000422955
0.000521183
0.000544071
0.00059104
0.000608921
0.000390053
0.000338078
0.000378132
0.00044179
0.000340939
0.000349998
0.000406027
0.000450134
0.000340939
0.000477076
0.000329018
0.000443935
0.000342846
0.000452042
0.000355005
0.000483036
0.000338078
0.000334978
0.000332832
0.000337839
0.000333071
0.000451803
0.000349998
0.000460148
0.000404119
0.000423908
0.000499964
0.000555038
0.000586987
0.000530958
0.000732899
0.000616074
0.000441074
0.000558138
0.000442982
0.000415802
0.000437975
0.000540018
0.000590086
0.000571012
0.000334978
0.000351906
0.000422001
0.000429869
0.000518084
0.000342846
0.000384092
0.000464916
0.000331879
0.000405073
0.000411034
0.00048399
0.000349998
0.000349045
0.000520945
0.000518084
0.00036788
0.000396967
0.000514984
0.000324011
0.000465155
0.000335932
0.000365973
0.000453949
0.000392914
0.000434875
0.000446081
0.000599861
0.000556946
0.000478029
0.000627995
0.000740051
0.000431061
0.00043416
0.000412941
0.000427961
0.000509977
0.000525951
0.000532866
0.000690937
0.000351191
0.000347853
0.000360012
0.000448942
0.000344038
0.000466824
0.000357151
0.000482082
0.000350952
0.000339031
0.000477076
0.000344038
0.000470877
0.000467062
0.000476837
0.000345945
0.000341177
0.000362873
0.000407219
0.000475168
0.000335932
0.000342131
0.000380039
0.000463009
0.000396013
0.000396013
0.000524044
0.00059104
0.000530005
0.000555038
0.000710011
0.00068903
0.000396967
0.000418901
0.000407934
0.000415087
0.000517845
0.000533104
0.000560999
0.000573158
0.000340939
0.000332117
0.000414848
0.000448942
0.000349998
0.000386953
0.000386953
0.000505924
0.000345945
0.000344038
0.000483036
0.000324965
0.000345945
0.000371933
0.000397921
0.00050807
0.000364065
0.000449896
0.000326157
0.000330925
0.000335932
0.000491142
0.000339985
0.000460863
0.000391006
0.00039196
0.000594139
0.000596046
0.000603914
0.000603914
0.0005548
0.000634909
0.00041914
0.000426054
0.000430107
0.000421047
0.000467062
0.000547886
0.000571012
0.000549078
0.000348091
0.000397921
0.000420094
0.000534058
0.000360012
0.000377178
0.000392914
0.000480175
0.000355005
0.000353098
0.000339985
0.000472069
0.000353813
0.000475883
0.000339031
0.000375032
0.000339985
0.000336885
0.000460148
0.000346184
0.000375032
0.000472069
0.000352859
0.00048089
0.000386
0.000399828
0.00040102
0.00048995
0.000494957
0.000571012
0.000492096
0.000546932
0.000369072
0.000417948
0.000435114
0.000447035
0.000516891
0.000516176
0.000542879
0.000571966
0.000333071
0.000344038
0.000360966
0.000386953
0.000458956
0.000404119
0.000407934
0.000526905
0.000346899
0.000380993
0.000449896
0.000327826
0.000344038
0.000466108
0.000354052
0.00049305
0.000334978
0.000468016
0.000322819
0.000342846
0.000336885
0.000452995
0.000337124
0.000456095
0.000391006
0.000409126
0.000415087
0.000494957
0.000501156
0.000561953
0.000615835
0.000557899
0.000381947
0.000369787
0.00041008
0.000394106
0.000495911
0.000528812
0.000535011
0.000531912
0.000352859
0.000465155
0.000344992
0.000509977
0.000349998
0.00046587
0.000344038
0.000464916
0.000356197
0.000345945
0.000469923
0.000337124
0.000432014
0.000349998
0.000391006
0.000593901
0.000335932
0.000454903
0.000335217
0.000345945
0.000334978
0.000504971
0.000348091
0.000950098
0.000339985
0.000364065
0.000488043
0.000487089
0.000566959
0.000602961
0.000511885
0.00068593
0.000363111
0.000389814
0.000402212
0.000453949
0.000519037
0.000513077
0.000535965
0.000556946
0.000326872
0.000407934
0.000331879
0.000463009
0.000353813
0.000398874
0.00041604
0.000509024
0.000344038
0.00033021
0.000484943
0.000323057
0.000349998
0.000359058
0.000381947
0.000468016
0.000344038
0.000460148
0.000349998
0.000421047
0.000335932
0.00043416
0.000348091
0.000468969
0.000364065
0.000496864
0.000442028
0.00048995
0.000557184
0.000591993
0.000663042
0.000727892
0.000366926
0.000433922
0.000431061
0.000464201
0.000530005
0.000552893
0.000553131
0.000690937
0.000349998
0.000458956
0.000339985
0.000334024
0.000458956
0.000402927
0.000420094
0.000509024
0.000331163
0.000345945
0.000329971
0.000519037
0.000332117
0.000414133
0.000417948
0.000528097
0.000353813
0.000402927
0.000483036
0.000329018
0.000386953
0.000482798
0.000342131
0.000467062
0.000408888
0.000414133
0.000524998
0.000550985
0.000540018
0.00048399
0.000690937
0.000735998
0.000419855
0.000531912
0.000422001
0.000409842
0.00041914
0.000484943
0.000527143
0.000695944
0.000344992
0.000343084
0.000330925
0.000375032
0.00047493
0.000343084
0.000368834
0.000446796
0.000328064
0.000429153
0.000428915
0.000494003
0.000339985
0.000338793
0.000451088
0.000452042
0.000347853
0.000345945
0.000329971
0.000449896
0.000369787
0.000350952
0.0003829
0.00046587
0.000387907
0.000437021
0.000445127
0.000453949
0.000598907
0.000461102
0.00068593
0.000730038
0.000393867
0.000379086
0.000402927
0.000472069
0.000540972
0.000527143
0.000533104
0.000589848
0.000344038
0.000370979
0.000365019
0.000486851
0.000331879
0.000485897
0.000365019
0.000487089
0.000346184
0.000332832
0.000500917
0.000324011
0.000331879
0.000349045
0.000360966
0.00048399
0.000344992
0.000345945
0.000355959
0.000342846
0.000336885
0.000451803
0.000353098
0.000475168
0.000360966
0.000432014
0.000349998
0.000486851
0.000554085
0.000598907
0.000599146
0.000663042
0.0003829
0.000370026
0.000411987
0.00039196
0.00045085
0.000490904
0.00051713
0.000521898
0.000339985
0.000333071
0.000437975
0.000336885
0.000461102
0.000334978
0.000369072
0.000437975
0.000348091
0.000404119
0.000560999
0.000416994
0.000357866
0.000482082
0.000330925
0.000452042
0.000344038
0.000414848
0.000423908
0.000346184
0.00048995
0.000504017
0.000380993
0.000382185
0.00041604
0.000407934
0.000422955
0.000499964
0.000555038
0.000524044
0.000607967
0.000617027
0.000401974
0.000427961
0.000432968
0.000400066
0.000472069
0.000520945
0.000553846
0.0005548
0.000358105
0.000346899
0.000374079
0.000394106
0.000478029
0.000344038
0.000379086
0.000467062
0.000340223
0.000404119
0.000409842
0.00050807
0.000330925
0.000329971
0.000379801
0.000433922
0.00033617
0.000360966
0.000400066
0.000481129
0.000339985
0.000429153
0.000330925
0.000468016
0.000420094
0.000424862
0.000743151
0.000545979
0.000555038
0.000458002
0.000549078
0.00072813
0.000411034
0.000417948
0.000421047
0.000441074
0.000523806
0.000535011
0.000548124
0.000566959
0.000333786
0.000422001
0.000340939
0.000459194
0.000460863
0.000335932
0.000331879
0.000469923
0.000333071
0.000323057
0.000355005
0.000340939
0.000383854
0.000462055
0.000329971
0.000463009
0.000351906
0.000447035
0.000347853
0.000338078
0.000445843
0.000490904
0.000338078
0.000460148
0.000386
0.000585794
0.000530005
0.000412941
0.000674963
0.000504971
0.000522137
0.000451088
0.000412226
0.000455141
0.000469923
0.000449181
0.000506163
0.000544786
0.000576973
0.000603199
0.000336885
0.000344992
0.000324011
0.000346899
0.000479937
0.000349998
0.000365973
0.000449896
0.000365019
0.000331879
0.000335932
0.000455856
0.000339031
0.000427961
0.000340939
0.000470877
0.000337124
0.000355005
0.000346899
0.000331163
0.000334978
0.000344038
0.000384092
0.000435114
0.000405073
0.000434875
0.000446081
0.000567913
0.000589132
0.000609159
0.000583887
0.000720978
0.000389099
0.000406027
0.000443935
0.000442982
0.000514984
0.000576019
0.000595093
0.000679016
0.000339031
0.000350952
0.000453949
0.000432968
0.000343084
0.000463963
0.000329018
0.000452995
0.000344992
0.00033617
0.000334024
0.000380993
0.000443935
0.000374079
0.000380039
0.000463009
0.000326872
0.000343084
0.000355959
0.000447989
0.000435114
0.000452995
0.000346899
0.000329018
0.000422001
0.000592947
0.000432014
0.000511169
0.000583887
0.000597
0.000686169
0.000634909
0.000390053
0.000412941
0.000447989
0.000447035
0.000535011
0.000555038
0.000571012
0.000694036
0.000355005
0.000379086
0.000390053
0.000324965
0.000471115
0.000313997
0.000365019
0.000437021
0.000339985
0.000394821
0.000415087
0.000498056
0.000339031
0.000363827
0.000392914
0.000512123
0.000348091
0.000334024
0.000336885
0.000460863
0.000330925
0.000441074
0.000332832
0.000452995
0.00039506
0.000421047
0.000522137
0.000403881
0.000545979
0.000550985
0.000620842
0.000593901
0.000403881
0.000449896
0.000415087
0.000422001
0.000422955
0.000516891
0.00058198
0.000663996
0.000346184
0.000351906
0.000478983
0.000339985
0.000487804
0.000437975
0.000429869
0.000524998
0.000365973
0.000459909
0.000338078
0.000464916
0.000332832
0.000463963
0.000360012
0.000490189
0.000320911
0.000339031
0.000340223
0.000333071
0.000335932
0.000363111
0.000389099
0.00049901
0.000378132
0.000519991
0.000432014
0.000422001
0.000553131
0.000471115
0.000555992
0.000565052
0.000390053
0.000411987
0.00041914
0.000413179
0.000508785
0.000525951
0.000541925
0.000551939
0.000335932
0.000429869
0.000349045
0.000479937
0.000347137
0.000335932
0.000371933
0.000451088
0.000337124
0.000325918
0.00032711
0.000450134
0.00032711
0.000505924
0.000328064
0.00045085
0.000413895
0.000417948
0.000339031
0.000310898
0.000343084
0.000415087
0.000334024
0.000458002
0.000406981
0.000416994
0.000530005
0.000540018
0.000550032
0.000562191
0.000534058
0.000603914
0.000431061
0.000435114
0.000427008
0.000428915
0.000511169
0.000522137
0.000590086
0.00060606
0.000347137
0.000328064
0.000404119
0.000437021
0.000326872
0.000460863
0.000346184
0.000467062
0.000349045
0.00047493
0.000333071
0.000329018
0.000341892
0.000394821
0.000409126
0.00048089
0.000394821
0.000324011
0.000344992
0.000466108
0.00035882
0.000339031
0.000384808
0.000433207
0.000442982
0.000443935
0.000545979
0.000580788
0.000530958
0.000596046
0.000720978
0.000607014
0.000371933
0.000387192
0.000443935
0.000488997
0.000484943
0.000527859
0.000536203
0.000564814
0.000333071
0.000453949
0.000332117
0.000505209
0.00037694
0.000366926
0.000389814
0.000478983
0.000364065
0.000350952
0.000380039
0.000504971
0.000340939
0.000503063
0.000336885
0.000455856
0.000344038
0.000355959
0.000464916
0.000339985
0.000432014
0.000349045
0.000365019
0.000517845
0.000384092
0.000401974
0.000408173
0.000411987
0.000469923
0.000454903
0.000553131
0.000583172
0.000381947
0.000480175
0.000396013
0.000437021
0.000440836
0.000461102
0.000524044
0.000582218
0.000353098
0.000334024
0.000422001
0.000348091
0.000464916
0.000355005
0.000393867
0.000469923
0.000339031
0.000426054
0.000329971
0.000452995
0.000351906
0.000469923
0.000344038
0.000468016
0.000345945
0.000329971
0.000352859
0.000334024
0.000343084
0.000350952
0.0003829
0.000458002
0.0004251
0.000446796
0.000504017
0.000584126
0.000583887
0.000521898
0.00067091
0.000721931
0.000416994
0.000454187
0.000421047
0.000431061
0.000529051
0.000574112
0.000571012
0.000568867
0.000338793
0.000406981
0.000421047
0.000483036
0.000339985
0.000344038
0.000374079
0.000447035
0.000355959
0.000329018
0.000330925
0.000463009
0.000367165
0.00047493
0.000341892
0.00048995
0.000411987
0.000432014
0.000495195
0.000334978
0.00037694
0.000454903
0.000335217
0.000461102
0.000370979
0.00039196
0.000406981
0.000482082
0.000467062
0.000543118
0.000512838
0.000661135
0.000390053
0.000415087
0.0003829
0.000431061
0.000507832
0.000507832
0.000531912
0.000583887
0.000355959
0.000342846
0.000357866
0.000331879
0.000452995
0.000353813
0.000396013
0.000475168
0.000333786
0.000324965
0.000349045
0.000455856
0.000335217
0.000492096
0.000330925
0.000488997
0.000347137
0.00037694
0.000534058
0.000398159
0.000365019
0.00032711
0.000346899
0.00047183
0.000363111
0.000448942
0.000392914
0.000414133
0.000504017
0.000519991
0.000452995
0.000642061
0.000401974
0.000398159
0.000400066
0.000494957
0.000565052
0.000567913
0.000576019
0.000586987
0.000328064
0.000349998
0.000332117
0.000387192
0.000431061
0.000344992
0.000386
0.000445127
0.000387192
0.000429869
0.000337124
0.000462055
0.000356913
0.000349998
0.000370979
0.000459909
0.00033617
0.000345945
0.000359058
0.000478029
0.000348806
0.000491858
0.000351906
0.000478983
0.000415087
0.000418901
0.000540972
0.0004251
0.00057888
0.000515938
0.000741005
0.000741005
0.000355959
0.000440121
0.000447989
0.000443935
0.000494957
0.000524998
0.000533104
0.000692844
0.000552893
0.000533104
0.000605106
0.000596046
0.000681877
0.00051403
0.000568151
0.00063014
0.000329971
0.000448942
0.000339031
0.000469923
0.000347137
0.000378132
0.000331879
0.000438929
0.000380039
0.000355005
0.000500202
0.000336885
0.000361919
0.000468016
0.000344992
0.000468016
0.000435114
0.000443935
0.000535965
0.000431061
0.000576973
0.000597
0.000673056
0.000593901
0.000427961
0.000435829
0.000420094
0.000436068
0.000553131
0.000564098
0.00056982
0.000593185
0.000402927
0.000329971
0.000426054
0.000380993
0.00039196
0.000477076
0.000341892
0.000509024
0.000353098
0.000332117
0.000319958
0.000491858
0.000354052
0.000348091
0.000359058
0.000477076
0.000337839
0.000331879
0.000463963
0.000354052
0.000471115
0.00040102
0.000393152
0.000473976
0.000398159
0.000401974
0.000513077
0.000524998
0.0004282
0.000490904
0.000627041
0.000687122
0.000360012
0.000397921
0.000409842
0.000369072
0.000460863
0.000462055
0.000580072
0.000740051
0.000370979
0.000341892
0.000479937
0.000361919
0.000385046
0.000432014
0.00032711
0.000458002
0.000325918
0.000355005
0.000344038
0.000392914
0.000468016
0.000348091
0.000373125
0.000473976
0.000355005
0.000340939
0.000344992
0.00047493
0.000332117
0.000471115
0.000324011
0.000447035
0.000364065
0.000408173
0.000511169
0.00057292
0.000459909
0.000491142
0.000648022
0.000751019
0.000375032
0.000421047
0.000419855
0.000468016
0.000524998
0.000534058
0.00061202
0.000659943
0.000349045
0.000471115
0.000336885
0.000334978
0.000380993
0.000461102
0.000333071
0.000459909
0.000349998
0.000390053
0.000356913
0.000449181
0.000439167
0.000507116
0.000349998
0.000476122
0.000338078
0.000333071
0.000392914
0.00033617
0.000336885
0.000460863
0.000355005
0.000468969
0.000385046
0.000390053
0.00051713
0.000579834
0.000598907
0.000599861
0.000535011
0.000560999
0.000355005
0.00041604
0.000388145
0.000423908
0.000509977
0.00049305
0.000519037
0.000641823
0.000347853
0.000374079
0.000396013
0.000482798
0.000373125
0.000342846
0.000384092
0.000453949
0.000344992
0.000475168
0.000360966
0.000462055
0.000334978
0.000355005
0.000392199
0.00046587
0.000368834
0.000346184
0.000344992
0.000334978
0.000342131
0.000451088
0.000350952
0.00039506
0.000373125
0.000432968
0.00045085
0.000561953
0.000468016
0.000568151
0.000552893
0.000638008
0.000389814
0.000484943
0.000411034
0.000408173
0.000411034
0.000488043
0.000550032
0.000671148
0.000349998
0.000364065
0.000339985
0.000350952
0.000438929
0.000355959
0.000360012
0.000440121
0.000349998
0.000478029
0.000334978
0.00050211
0.000348091
0.000473022
0.000385046
0.000400066
0.000347853
0.000343084
0.000467062
0.00035882
0.000340939
0.000439882
0.000330925
0.000398874
0.000397921
0.00050211
0.000398874
0.000417948
0.000488997
0.000483036
0.000521898
0.000550032
0.000406027
0.000414133
0.000404119
0.000401974
0.000480175
0.000553131
0.000555992
0.000559807
0.000362873
0.000336885
0.000380993
0.000458002
0.000329971
0.000458956
0.000335932
0.000488997
0.000347853
0.000386953
0.000461102
0.000334978
0.000332117
0.000476122
0.000329018
0.000468016
0.000346184
0.000329971
0.000349998
0.000325918
0.000328064
0.000424147
0.000325918
0.000447989
0.000359058
0.000516176
0.000350952
0.000499964
0.000456095
0.000424862
0.000544071
0.000628948
0.000442982
0.000451088
0.000437021
0.000535965
0.000566006
0.000575066
0.00057292
0.00067687
0.000339985
0.000482082
0.000339985
0.000404119
0.000430107
0.000322819
0.000353813
0.000449896
0.000334024
0.000342131
0.000464201
0.000339985
0.000463963
0.000350952
0.000365019
0.000448942
0.000340939
0.000464916
0.000334024
0.000451088
0.000388145
0.000383139
0.000472069
0.00049901
0.000384092
0.000394106
0.000415087
0.000498056
0.000405073
0.000565052
0.000534058
0.000628948
0.000396013
0.000430107
0.000416994
0.000420809
0.000506878
0.000496149
0.000553846
0.000511169
0.000349998
0.000349045
0.000476837
0.000345945
0.000462055
0.000344992
0.000380039
0.00047493
0.000348091
0.000328064
0.000334978
0.000464916
0.000334024
0.000446081
0.000338793
0.000337839
0.000468969
0.000348091
0.000478029
0.000386953
0.000481844
0.000362158
0.000339031
0.000458956
0.000420809
0.000432014
0.000547171
0.00056982
0.000485182
0.000602007
0.00058198
0.00075388
0.000445843
0.000454187
0.000434875
0.000444889
0.000519037
0.000468016
0.000594854
0.000785112
0.000355005
0.000357866
0.000468969
0.000342846
0.000371933
0.000441074
0.000348806
0.000464201
0.000327826
0.00033617
0.000340939
0.00040102
0.000459194
0.000364065
0.000379086
0.000461102
0.000342131
0.000349045
0.00039506
0.000473022
0.000338078
0.000437975
0.000344038
0.000459909
0.00041604
0.000421047
0.000515938
0.000531912
0.000555992
0.00048995
0.00054884
0.000684023
0.000391006
0.00037384
0.000399113
0.000459909
0.000524044
0.00054884
0.000571012
0.000566959
0.000330925
0.000337124
0.000375986
0.000386
0.000490904
0.00039196
0.000424862
0.000540018
0.000349045
0.000429869
0.000334978
0.000343084
0.000344038
0.000477076
0.000411034
0.000478029
0.000356913
0.000339031
0.000330925
0.000355959
0.000478983
0.000349045
0.000403881
0.000464916
0.000411987
0.000415087
0.000518084
0.000546932
0.000576973
0.000588179
0.000580072
0.000625134
0.00041914
0.00041914
0.000391006
0.000417948
0.000532866
0.000559092
0.000568867
0.000576973
0.000336885
0.000463009
0.000339031
0.000447989
0.000319958
0.000444174
0.000367165
0.000484943
0.000360012
0.000339031
0.000337839
0.000386
0.000333071
0.000437021
0.000335932
0.000459909
0.000330925
0.000408888
0.000350952
0.000388861
0.000468016
0.000347137
0.000360966
0.000469923
0.000401974
0.000514984
0.000427961
0.000423908
0.000509977
0.000494003
0.000566959
0.000757933
0.000422001
0.000429153
0.000429153
0.000424147
0.000528812
0.000545025
0.00068903
0.000746965
0.000355005
0.000418186
0.000430822
0.000499964
0.000366926
0.000339985
0.000384092
0.000460148
0.000336885
0.000362873
0.000403166
0.00049901
0.000342131
0.000480175
0.000351191
0.000471115
0.000332832
0.000426054
0.000428915
0.000337124
0.000375986
0.000352859
0.000370026
0.000442982
0.000369072
0.000386953
0.000484943
0.000509977
0.000551939
0.000538111
0.000571012
0.000705004
0.000381947
0.000436068
0.000411987
0.000414133
0.000504971
0.000517845
0.000557899
0.000597954
0.000328064
0.000427961
0.000339985
0.000469208
0.000331163
0.000453949
0.000331879
0.000457048
0.000336885
0.000334978
0.000336885
0.000344038
0.000361919
0.00041604
0.000346184
0.000463009
0.000337839
0.000365973
0.000472069
0.000350952
0.000340939
0.000457048
0.000339985
0.000465155
0.000366926
0.000542879
0.000392914
0.00041008
0.000494957
0.00037384
0.000592947
0.000640869
