0.000702858
0.00137496
0.00181103
0.00224996
0.00293708
0.00360012
0.00401092
0.0044322
5.4121e-05
2.6226e-05
3.09944e-05
2.71797e-05
4.41074e-05
3.09944e-05
4.81606e-05
7.70092e-05
2.6226e-05
3.69549e-05
6.69956e-05
2.40803e-05
2.47955e-05
3.19481e-05
6.31809e-05
9.01222e-05
2.40803e-05
2.59876e-05
3.00407e-05
1.81198e-05
2.90871e-05
2.88486e-05
3.21865e-05
3.40939e-05
3.50475e-05
3.19481e-05
2.19345e-05
6.91414e-05
5.91278e-05
0.00011301
0.000100851
0.000136852
4.00543e-05
5.48363e-05
2.31266e-05
2.59876e-05
3.19481e-05
2.69413e-05
6.10352e-05
7.70092e-05
3.09944e-05
2.09808e-05
2.98023e-05
3.00407e-05
4.69685e-05
2.09808e-05
4.29153e-05
4.98295e-05
3.09944e-05
3.09944e-05
4.81606e-05
2.81334e-05
1.90735e-05
2.40803e-05
2.59876e-05
6.19888e-05
2.47955e-05
1.81198e-05
2.5034e-05
2.00272e-05
2.19345e-05
2.40803e-05
4.1008e-05
6.50883e-05
4.1008e-05
8.79765e-05
3.40939e-05
6.10352e-05
2.19345e-05
8.10623e-05
6.8903e-05
0.000100136
4.41074e-05
2.90871e-05
6.48499e-05
2.90871e-05
6.00815e-05
5.6982e-05
6.8903e-05
0.000114918
2.47955e-05
5.29289e-05
3.21865e-05
3.60012e-05
7.08103e-05
2.69413e-05
4.1008e-05
4.88758e-05
2.69413e-05
2.59876e-05
3.09944e-05
2.7895e-05
2.09808e-05
2.5034e-05
3.79086e-05
4.1008e-05
2.00272e-05
1.81198e-05
2.31266e-05
2.31266e-05
2.19345e-05
1.69277e-05
2.69413e-05
3.69549e-05
2.5034e-05
4.29153e-05
8.2016e-05
7.98702e-05
5.50747e-05
0.000137091
0.000122786
0.000103951
4.91142e-05
6.31809e-05
5.4121e-05
2.69413e-05
2.59876e-05
5.6982e-05
4.88758e-05
4.41074e-05
3.98159e-05
2.19345e-05
2.31266e-05
2.71797e-05
3.00407e-05
2.69413e-05
4.81606e-05
5.6982e-05
2.47955e-05
5.6982e-05
4.31538e-05
1.69277e-05
2.5034e-05
3.40939e-05
5.10216e-05
6.29425e-05
2.19345e-05
4.19617e-05
2.40803e-05
3.29018e-05
5.10216e-05
2.59876e-05
4.98295e-05
4.79221e-05
5.79357e-05
6.19888e-05
1.69277e-05
7.39098e-05
3.31402e-05
0.000112057
0.000113964
0.000126123
4.00543e-05
4.50611e-05
3.50475e-05
2.40803e-05
2.59876e-05
4.91142e-05
5.19753e-05
5.79357e-05
4.00543e-05
2.69413e-05
3.19481e-05
5.22137e-05
2.5034e-05
2.5034e-05
3.50475e-05
4.79221e-05
2.71797e-05
4.60148e-05
2.28882e-05
1.90735e-05
4.81606e-05
2.7895e-05
3.69549e-05
4.1008e-05
5.00679e-05
5.00679e-05
4.60148e-05
2.69413e-05
2.47955e-05
3.29018e-05
4.19617e-05
5.10216e-05
3.60012e-05
5.4121e-05
5.48363e-05
5.98431e-05
5.48363e-05
8.2016e-05
3.19481e-05
5.98431e-05
3.40939e-05
5.6982e-05
2.38419e-05
3.88622e-05
9.10759e-05
6.19888e-05
7.82013e-05
0.00011301
2.5034e-05
2.98023e-05
3.19481e-05
3.69549e-05
2.31266e-05
3.91006e-05
5.81741e-05
6.60419e-05
2.28882e-05
1.90735e-05
2.09808e-05
4.29153e-05
2.71797e-05
3.19481e-05
4.3869e-05
7.41482e-05
2.21729e-05
2.21729e-05
2.59876e-05
4.88758e-05
5.50747e-05
2.09808e-05
3.29018e-05
4.69685e-05
3.8147e-05
4.88758e-05
5.60284e-05
6.69956e-05
7.41482e-05
0.000101089
5.60284e-05
5.6982e-05
2.88486e-05
4.1008e-05
4.79221e-05
5.88894e-05
7.41482e-05
7.10487e-05
7.10487e-05
7.10487e-05
2.69413e-05
3.00407e-05
2.69413e-05
3.60012e-05
6.69956e-05
2.7895e-05
3.31402e-05
4.50611e-05
4.41074e-05
2.09808e-05
3.31402e-05
4.69685e-05
2.19345e-05
4.88758e-05
3.00407e-05
3.98159e-05
1.90735e-05
2.88486e-05
4.50611e-05
2.40803e-05
1.90735e-05
3.00407e-05
4.1008e-05
4.1008e-05
2.21729e-05
5.79357e-05
5.10216e-05
2.90871e-05
9.58443e-05
0.000101089
0.000110149
4.81606e-05
3.09944e-05
4.00543e-05
3.09944e-05
6.10352e-05
7.10487e-05
4.98295e-05
7.20024e-05
6.8903e-05
4.41074e-05
2.69413e-05
3.09944e-05
2.5034e-05
5.6982e-05
2.90871e-05
4.57764e-05
4.81606e-05
2.71797e-05
4.88758e-05
6.19888e-05
3.00407e-05
7.29561e-05
2.90871e-05
4.3869e-05
5.48363e-05
2.19345e-05
2.40803e-05
5.81741e-05
2.40803e-05
4.57764e-05
3.29018e-05
3.09944e-05
7.70092e-05
4.19617e-05
5.72205e-05
6.79493e-05
3.91006e-05
7.70092e-05
5.79357e-05
3.48091e-05
2.28882e-05
4.29153e-05
6.8903e-05
3.29018e-05
5.79357e-05
5.6982e-05
4.60148e-05
4.60148e-05
9.98974e-05
3.8147e-05
6.81877e-05
6.91414e-05
3.19481e-05
4.1008e-05
2.5034e-05
3.60012e-05
4.69685e-05
4.3869e-05
2.69413e-05
3.19481e-05
1.78814e-05
3.79086e-05
2.40803e-05
2.59876e-05
5.50747e-05
2.00272e-05
4.29153e-05
4.3869e-05
3.09944e-05
1.88351e-05
2.09808e-05
3.29018e-05
4.60148e-05
3.60012e-05
3.48091e-05
8.4877e-05
9.10759e-05
9.5129e-05
9.60827e-05
0.000109911
9.98974e-05
3.48091e-05
4.31538e-05
3.50475e-05
3.60012e-05
4.50611e-05
7.41482e-05
7.29561e-05
7.51019e-05
3.09944e-05
5.10216e-05
3.09944e-05
4.81606e-05
5.91278e-05
2.59876e-05
6.19888e-05
8.08239e-05
1.90735e-05
4.60148e-05
1.21593e-05
4.1008e-05
4.19617e-05
2.00272e-05
4.81606e-05
5.60284e-05
2.28882e-05
2.5034e-05
4.88758e-05
2.90871e-05
1.90735e-05
2.31266e-05
3.8147e-05
5.38826e-05
2.69413e-05
4.41074e-05
2.69413e-05
5.81741e-05
8.2016e-05
6.31809e-05
0.000102997
0.000118017
3.19481e-05
5.91278e-05
3.09944e-05
2.09808e-05
2.19345e-05
5.79357e-05
8.2016e-05
4.3869e-05
2.40803e-05
2.19345e-05
2.5034e-05
3.8147e-05
4.60148e-05
2.09808e-05
2.7895e-05
3.29018e-05
4.72069e-05
2.40803e-05
4.60148e-05
2.69413e-05
1.88351e-05
2.12193e-05
3.31402e-05
4.1008e-05
2.19345e-05
2.00272e-05
2.69413e-05
2.21729e-05
1.90735e-05
1.90735e-05
2.38419e-05
5.19753e-05
3.50475e-05
3.69549e-05
8.01086e-05
9.29832e-05
0.000103951
0.000114918
8.29697e-05
7.89165e-05
5.60284e-05
2.47955e-05
1.88351e-05
4.69685e-05
8.10623e-05
5.31673e-05
8.2016e-05
9.20296e-05
4.50611e-05
3.09944e-05
6.10352e-05
2.5034e-05
5.19753e-05
2.09808e-05
3.19481e-05
6.10352e-05
2.19345e-05
4.50611e-05
1.88351e-05
2.21729e-05
4.88758e-05
2.69413e-05
6.31809e-05
7.9155e-05
4.72069e-05
2.28882e-05
2.88486e-05
4.1008e-05
3.19481e-05
2.69413e-05
2.7895e-05
3.98159e-05
3.69549e-05
5.38826e-05
5.19753e-05
2.28882e-05
2.7895e-05
3.21865e-05
9.89437e-05
0.000110149
4.1008e-05
4.41074e-05
2.90871e-05
3.19481e-05
2.31266e-05
5.29289e-05
5.19753e-05
7.00951e-05
2.69413e-05
2.31266e-05
2.09808e-05
3.50475e-05
6.91414e-05
2.28882e-05
5.00679e-05
5.98431e-05
4.79221e-05
2.5034e-05
4.00543e-05
3.38554e-05
4.19617e-05
2.47955e-05
3.40939e-05
5.10216e-05
2.40803e-05
4.50611e-05
4.41074e-05
2.09808e-05
2.21729e-05
3.29018e-05
4.72069e-05
5.10216e-05
2.7895e-05
4.00543e-05
4.41074e-05
2.90871e-05
3.00407e-05
6.91414e-05
0.000137091
0.000152111
2.40803e-05
3.48091e-05
3.00407e-05
5.60284e-05
7.58171e-05
9.29832e-05
9.98974e-05
0.000112057
2.28882e-05
4.50611e-05
2.59876e-05
2.69413e-05
4.41074e-05
2.21729e-05
3.31402e-05
4.69685e-05
2.19345e-05
4.00543e-05
2.40803e-05
3.19481e-05
1.81198e-05
2.40803e-05
3.8147e-05
4.69685e-05
2.47955e-05
4.88758e-05
2.5034e-05
2.40803e-05
2.19345e-05
2.31266e-05
2.69413e-05
3.29018e-05
4.57764e-05
4.19617e-05
5.91278e-05
6.10352e-05
0.00010705
0.000118017
8.2016e-05
0.000112057
3.40939e-05
3.98159e-05
2.81334e-05
2.28882e-05
7.79629e-05
3.91006e-05
5.60284e-05
8.41618e-05
2.5034e-05
3.31402e-05
3.19481e-05
4.50611e-05
5.10216e-05
2.71797e-05
4.3869e-05
5.10216e-05
3.21865e-05
4.00543e-05
2.19345e-05
2.40803e-05
2.31266e-05
2.21729e-05
3.09944e-05
5.00679e-05
2.40803e-05
4.69685e-05
2.5034e-05
2.81334e-05
2.19345e-05
2.5034e-05
5.6982e-05
7.39098e-05
5.98431e-05
6.79493e-05
7.48634e-05
1.69277e-05
7.70092e-05
4.1008e-05
0.000115156
0.000117064
4.50611e-05
2.90871e-05
2.69413e-05
6.29425e-05
7.39098e-05
7.29561e-05
7.39098e-05
8.89301e-05
2.28882e-05
3.38554e-05
2.40803e-05
4.48227e-05
5.00679e-05
2.5034e-05
3.69549e-05
7.00951e-05
2.09808e-05
3.09944e-05
4.69685e-05
2.40803e-05
2.12193e-05
2.71797e-05
3.40939e-05
3.60012e-05
4.1008e-05
2.40803e-05
2.5034e-05
4.29153e-05
2.90871e-05
2.31266e-05
4.91142e-05
5.48363e-05
2.98023e-05
7.20024e-05
7.82013e-05
7.89165e-05
8.89301e-05
9.91821e-05
0.000106096
2.19345e-05
6.19888e-05
2.7895e-05
7.00951e-05
6.10352e-05
6.69956e-05
6.38962e-05
7.58171e-05
6.8903e-05
2.5034e-05
5.00679e-05
2.90871e-05
4.50611e-05
5.38826e-05
3.19481e-05
3.60012e-05
4.60148e-05
2.59876e-05
3.21865e-05
5.29289e-05
1.90735e-05
6.07967e-05
2.59876e-05
3.79086e-05
5.4121e-05
2.28882e-05
4.00543e-05
4.60148e-05
2.09808e-05
2.7895e-05
2.59876e-05
3.29018e-05
8.79765e-05
3.29018e-05
3.69549e-05
5.19753e-05
5.91278e-05
4.22001e-05
2.00272e-05
7.39098e-05
0.000108004
3.12328e-05
5.19753e-05
3.19481e-05
3.31402e-05
3.50475e-05
4.98295e-05
5.4121e-05
8.2016e-05
3.38554e-05
3.60012e-05
6.38962e-05
2.88486e-05
3.38554e-05
2.28882e-05
3.19481e-05
3.19481e-05
4.19617e-05
2.69413e-05
3.79086e-05
2.7895e-05
2.28882e-05
2.88486e-05
3.38554e-05
4.50611e-05
4.60148e-05
1.78814e-05
2.31266e-05
2.90871e-05
4.88758e-05
2.69413e-05
5.10216e-05
5.81741e-05
2.47955e-05
4.29153e-05
5.00679e-05
5.6982e-05
8.29697e-05
2.38419e-05
2.71797e-05
5.88894e-05
2.90871e-05
4.22001e-05
2.28882e-05
4.60148e-05
6.10352e-05
5.91278e-05
4.48227e-05
5.38826e-05
2.38419e-05
2.21729e-05
4.50611e-05
4.00543e-05
4.60148e-05
2.98023e-05
5.79357e-05
5.6982e-05
4.72069e-05
3.00407e-05
5.91278e-05
4.88758e-05
2.5034e-05
2.90871e-05
3.31402e-05
4.50611e-05
2.5034e-05
2.31266e-05
4.19617e-05
4.79221e-05
2.31266e-05
2.59876e-05
3.8147e-05
6.91414e-05
2.98023e-05
3.09944e-05
2.09808e-05
2.88486e-05
8.2016e-05
8.98838e-05
9.91821e-05
0.000114918
4.69685e-05
4.31538e-05
3.19481e-05
3.31402e-05
4.48227e-05
4.1008e-05
6.60419e-05
6.69956e-05
2.31266e-05
2.00272e-05
2.5034e-05
3.88622e-05
4.1008e-05
2.59876e-05
4.19617e-05
5.4121e-05
4.60148e-05
4.50611e-05
2.09808e-05
2.21729e-05
2.98023e-05
2.5034e-05
4.41074e-05
6.10352e-05
4.69685e-05
2.59876e-05
1.90735e-05
2.90871e-05
1.90735e-05
3.09944e-05
2.88486e-05
3.29018e-05
3.60012e-05
4.00543e-05
4.91142e-05
4.1008e-05
9.799e-05
0.000126839
8.98838e-05
0.000149965
4.19617e-05
3.79086e-05
7.10487e-05
2.5034e-05
5.10216e-05
8.70228e-05
6.79493e-05
7.9155e-05
2.28882e-05
2.69413e-05
3.38554e-05
4.88758e-05
6.19888e-05
2.69413e-05
3.19481e-05
6.10352e-05
5.19753e-05
2.69413e-05
3.50475e-05
2.40803e-05
2.40803e-05
2.47955e-05
2.6226e-05
5.6982e-05
2.09808e-05
2.21729e-05
4.22001e-05
2.40803e-05
2.28882e-05
2.59876e-05
2.90871e-05
8.51154e-05
4.19617e-05
4.79221e-05
5.00679e-05
8.60691e-05
9.89437e-05
9.60827e-05
5.29289e-05
6.10352e-05
3.69549e-05
4.88758e-05
3.09944e-05
3.38554e-05
4.50611e-05
4.48227e-05
5.19753e-05
7.70092e-05
2.5034e-05
3.19481e-05
9.10759e-05
2.5034e-05
3.48091e-05
3.79086e-05
5.19753e-05
6.38962e-05
2.38419e-05
2.69413e-05
3.48091e-05
2.71797e-05
4.1008e-05
2.19345e-05
4.41074e-05
6.19888e-05
2.19345e-05
2.5034e-05
2.21729e-05
2.31266e-05
4.69685e-05
4.29153e-05
5.50747e-05
6.8903e-05
3.88622e-05
5.50747e-05
2.28882e-05
7.20024e-05
3.88622e-05
0.000108957
0.000126839
0.000133038
3.60012e-05
8.32081e-05
6.19888e-05
5.50747e-05
8.08239e-05
6.60419e-05
8.01086e-05
7.9155e-05
2.00272e-05
2.90871e-05
3.29018e-05
4.29153e-05
5.31673e-05
3.88622e-05
4.91142e-05
4.88758e-05
4.29153e-05
5.22137e-05
6.31809e-05
2.5034e-05
2.09808e-05
3.50475e-05
3.31402e-05
5.50747e-05
4.19617e-05
2.40803e-05
2.31266e-05
2.69413e-05
3.19481e-05
2.28882e-05
2.59876e-05
4.19617e-05
4.79221e-05
6.58035e-05
6.91414e-05
7.29561e-05
2.5034e-05
7.70092e-05
8.2016e-05
3.29018e-05
3.00407e-05
4.88758e-05
6.8903e-05
9.58443e-05
8.29697e-05
8.39233e-05
9.60827e-05
0.000109911
4.48227e-05
2.69413e-05
2.31266e-05
4.41074e-05
5.60284e-05
3.21865e-05
3.71933e-05
3.8147e-05
2.59876e-05
1.88351e-05
2.40803e-05
1.88351e-05
2.28882e-05
2.90871e-05
3.29018e-05
3.38554e-05
2.31266e-05
2.40803e-05
2.6226e-05
2.28882e-05
2.5034e-05
3.21865e-05
3.19481e-05
4.00543e-05
6.19888e-05
3.60012e-05
6.50883e-05
6.81877e-05
2.88486e-05
9.5129e-05
0.000105143
8.08239e-05
4.1008e-05
3.50475e-05
2.19345e-05
8.2016e-05
5.31673e-05
4.31538e-05
8.60691e-05
8.82149e-05
2.69413e-05
3.09944e-05
2.90871e-05
3.60012e-05
4.60148e-05
2.69413e-05
3.09944e-05
4.91142e-05
4.60148e-05
2.28882e-05
2.69413e-05
4.69685e-05
2.28882e-05
4.00543e-05
2.90871e-05
6.69956e-05
2.28882e-05
4.29153e-05
4.3869e-05
2.69413e-05
1.90735e-05
3.00407e-05
3.91006e-05
3.09944e-05
3.29018e-05
5.50747e-05
8.10623e-05
2.6226e-05
9.20296e-05
1.5974e-05
0.000110865
0.000111103
3.21865e-05
4.48227e-05
3.09944e-05
2.5034e-05
2.5034e-05
5.38826e-05
5.88894e-05
8.58307e-05
2.5034e-05
2.6226e-05
3.21865e-05
6.91414e-05
2.21729e-05
4.88758e-05
4.19617e-05
4.29153e-05
2.40803e-05
3.29018e-05
1.88351e-05
4.69685e-05
2.5034e-05
2.69413e-05
2.90871e-05
3.60012e-05
2.38419e-05
2.69413e-05
1.78814e-05
2.28882e-05
2.71797e-05
2.59876e-05
3.69549e-05
3.60012e-05
5.07832e-05
5.29289e-05
6.91414e-05
2.69413e-05
7.89165e-05
2.5034e-05
9.29832e-05
0.000139952
4.19617e-05
3.38554e-05
5.4121e-05
2.40803e-05
3.40939e-05
3.21865e-05
3.60012e-05
5.60284e-05
2.5034e-05
3.09944e-05
3.69549e-05
5.81741e-05
2.59876e-05
2.7895e-05
4.00543e-05
5.50747e-05
2.7895e-05
3.40939e-05
4.60148e-05
4.69685e-05
2.40803e-05
2.59876e-05
5.60284e-05
6.48499e-05
4.60148e-05
2.88486e-05
4.19617e-05
1.90735e-05
2.21729e-05
2.69413e-05
4.31538e-05
8.41618e-05
1.69277e-05
3.09944e-05
5.50747e-05
7.00951e-05
3.79086e-05
6.69956e-05
0.00011301
6.19888e-05
3.60012e-05
6.10352e-05
6.50883e-05
3.09944e-05
4.00543e-05
5.50747e-05
4.1008e-05
5.88894e-05
2.7895e-05
2.21729e-05
3.50475e-05
5.60284e-05
3.09944e-05
2.5034e-05
4.69685e-05
4.91142e-05
2.90871e-05
3.8147e-05
1.78814e-05
3.50475e-05
4.00543e-05
3.21865e-05
4.19617e-05
8.58307e-05
4.98295e-05
1.81198e-05
2.38419e-05
2.21729e-05
4.81606e-05
2.5034e-05
3.09944e-05
3.91006e-05
2.81334e-05
4.31538e-05
4.60148e-05
5.72205e-05
7.79629e-05
9.20296e-05
4.91142e-05
9.89437e-05
2.31266e-05
4.1008e-05
9.20296e-05
7.70092e-05
5.50747e-05
5.31673e-05
0.000112057
7.10487e-05
4.1008e-05
5.79357e-05
2.59876e-05
3.88622e-05
5.81741e-05
3.48091e-05
4.19617e-05
4.69685e-05
3.19481e-05
4.3869e-05
4.79221e-05
2.59876e-05
3.60012e-05
2.69413e-05
5.00679e-05
2.98023e-05
2.38419e-05
3.19481e-05
4.69685e-05
2.28882e-05
2.19345e-05
2.59876e-05
3.50475e-05
5.10216e-05
3.00407e-05
3.40939e-05
4.19617e-05
2.81334e-05
8.60691e-05
9.5129e-05
2.31266e-05
2.00272e-05
4.1008e-05
3.48091e-05
6.29425e-05
4.79221e-05
5.29289e-05
7.39098e-05
6.19888e-05
7.00951e-05
2.40803e-05
4.60148e-05
3.60012e-05
4.00543e-05
4.79221e-05
2.19345e-05
2.40803e-05
5.31673e-05
3.21865e-05
4.1008e-05
5.4121e-05
4.69685e-05
1.90735e-05
2.5034e-05
2.40803e-05
3.79086e-05
2.5034e-05
1.90735e-05
4.50611e-05
4.50611e-05
2.12193e-05
2.19345e-05
3.19481e-05
6.00815e-05
2.81334e-05
4.3869e-05
3.31402e-05
9.70364e-05
0.000108004
7.60555e-05
0.000109911
0.000108004
4.19617e-05
7.10487e-05
4.79221e-05
5.48363e-05
5.91278e-05
7.20024e-05
8.2016e-05
8.70228e-05
3.40939e-05
6.41346e-05
2.19345e-05
3.09944e-05
5.4121e-05
2.09808e-05
3.60012e-05
4.69685e-05
4.69685e-05
3.09944e-05
5.98431e-05
2.5034e-05
2.00272e-05
2.59876e-05
3.79086e-05
3.79086e-05
4.50611e-05
1.78814e-05
4.60148e-05
4.79221e-05
4.29153e-05
4.19617e-05
6.69956e-05
6.38962e-05
3.79086e-05
3.91006e-05
3.09944e-05
8.4877e-05
9.70364e-05
3.09944e-05
0.000134945
0.000144005
2.7895e-05
2.59876e-05
3.19481e-05
7.89165e-05
3.19481e-05
5.88894e-05
7.29561e-05
8.2016e-05
4.81606e-05
4.19617e-05
2.59876e-05
3.21865e-05
4.48227e-05
2.59876e-05
6.00815e-05
6.38962e-05
2.5034e-05
1.50204e-05
5.98431e-05
4.41074e-05
2.40803e-05
2.5034e-05
2.71797e-05
8.41618e-05
4.79221e-05
2.19345e-05
2.38419e-05
4.29153e-05
2.28882e-05
2.69413e-05
5.60284e-05
6.19888e-05
2.81334e-05
4.31538e-05
2.40803e-05
6.38962e-05
8.91685e-05
9.29832e-05
5.29289e-05
0.000106096
2.90871e-05
1.88351e-05
7.29561e-05
2.90871e-05
3.79086e-05
0.000102043
6.81877e-05
7.51019e-05
2.7895e-05
1.81198e-05
3.40939e-05
4.69685e-05
6.8903e-05
4.22001e-05
4.00543e-05
3.00407e-05
1.81198e-05
3.00407e-05
1.88351e-05
2.6226e-05
3.09944e-05
3.19481e-05
3.91006e-05
4.98295e-05
2.40803e-05
2.28882e-05
2.7895e-05
2.28882e-05
2.31266e-05
2.09808e-05
2.40803e-05
5.79357e-05
3.19481e-05
4.60148e-05
5.10216e-05
5.79357e-05
6.31809e-05
7.60555e-05
2.28882e-05
5.10216e-05
3.21865e-05
3.29018e-05
3.29018e-05
3.91006e-05
7.48634e-05
5.50747e-05
7.60555e-05
8.10623e-05
2.59876e-05
2.90871e-05
2.21729e-05
3.19481e-05
6.48499e-05
2.40803e-05
2.88486e-05
6.41346e-05
3.19481e-05
4.60148e-05
4.57764e-05
4.00543e-05
2.28882e-05
3.29018e-05
4.19617e-05
4.81606e-05
4.29153e-05
2.00272e-05
4.3869e-05
2.98023e-05
4.91142e-05
2.31266e-05
2.69413e-05
3.91006e-05
2.59876e-05
3.38554e-05
5.10216e-05
7.29561e-05
3.29018e-05
3.09944e-05
9.58443e-05
9.89437e-05
2.5034e-05
8.10623e-05
7.10487e-05
8.89301e-05
7.10487e-05
8.98838e-05
8.70228e-05
0.00011301
4.19617e-05
1.78814e-05
2.98023e-05
5.79357e-05
2.28882e-05
2.09808e-05
4.19617e-05
4.00543e-05
2.28882e-05
2.28882e-05
4.60148e-05
4.91142e-05
1.90735e-05
2.59876e-05
5.6982e-05
6.29425e-05
2.81334e-05
1.69277e-05
4.48227e-05
1.81198e-05
4.69685e-05
2.21729e-05
3.09944e-05
5.81741e-05
3.71933e-05
5.60284e-05
3.09944e-05
8.29697e-05
9.70364e-05
7.08103e-05
7.70092e-05
6.69956e-05
4.1008e-05
2.5034e-05
5.79357e-05
3.00407e-05
4.3869e-05
2.7895e-05
3.69549e-05
4.79221e-05
2.28882e-05
3.09944e-05
2.59876e-05
3.29018e-05
4.60148e-05
2.21729e-05
3.40939e-05
3.69549e-05
4.69685e-05
2.00272e-05
2.71797e-05
4.60148e-05
2.81334e-05
5.10216e-05
5.88894e-05
6.91414e-05
4.3869e-05
2.7895e-05
2.81334e-05
2.40803e-05
5.98431e-05
4.19617e-05
5.00679e-05
4.1008e-05
5.60284e-05
3.09944e-05
7.41482e-05
7.58171e-05
4.29153e-05
0.00011301
6.48499e-05
0.000121117
4.60148e-05
5.6982e-05
3.48091e-05
3.19481e-05
5.4121e-05
5.10216e-05
6.00815e-05
7.00951e-05
3.00407e-05
4.50611e-05
2.40803e-05
4.48227e-05
5.38826e-05
3.00407e-05
4.00543e-05
5.6982e-05
4.60148e-05
2.5034e-05
4.00543e-05
2.21729e-05
4.69685e-05
2.88486e-05
3.09944e-05
4.69685e-05
4.69685e-05
2.31266e-05
1.88351e-05
2.09808e-05
4.79221e-05
2.40803e-05
6.29425e-05
6.29425e-05
3.00407e-05
5.79357e-05
2.40803e-05
6.48499e-05
7.9155e-05
9.70364e-05
4.60148e-05
0.00011301
5.29289e-05
3.00407e-05
4.29153e-05
4.69685e-05
8.39233e-05
7.29561e-05
8.01086e-05
8.89301e-05
4.31538e-05
2.19345e-05
2.38419e-05
2.88486e-05
8.10623e-05
5.07832e-05
5.00679e-05
5.60284e-05
3.50475e-05
4.79221e-05
4.88758e-05
1.90735e-05
4.1008e-05
3.09944e-05
3.88622e-05
5.19753e-05
4.50611e-05
4.50611e-05
2.09808e-05
5.10216e-05
1.88351e-05
2.5034e-05
3.50475e-05
5.6982e-05
3.00407e-05
2.40803e-05
3.09944e-05
7.89165e-05
2.28882e-05
3.29018e-05
8.58307e-05
0.000102997
2.59876e-05
3.60012e-05
6.00815e-05
5.88894e-05
6.60419e-05
9.60827e-05
9.39369e-05
0.000105858
2.5034e-05
0.000133991
3.8147e-05
5.6982e-05
0.000130177
6.41346e-05
4.00543e-05
5.4121e-05
3.79086e-05
2.00272e-05
3.09944e-05
2.69413e-05
4.69685e-05
3.00407e-05
3.29018e-05
5.38826e-05
1.88351e-05
4.91142e-05
3.31402e-05
3.00407e-05
2.40803e-05
2.69413e-05
4.3869e-05
6.50883e-05
4.1008e-05
5.10216e-05
8.70228e-05
9.20296e-05
9.39369e-05
0.000102997
0.000105143
8.79765e-05
3.88622e-05
3.31402e-05
3.60012e-05
3.29018e-05
7.70092e-05
4.00543e-05
4.98295e-05
4.19617e-05
2.21729e-05
3.00407e-05
3.29018e-05
5.79357e-05
7.20024e-05
2.21729e-05
3.29018e-05
4.60148e-05
2.81334e-05
2.88486e-05
5.60284e-05
2.31266e-05
5.19753e-05
2.59876e-05
3.50475e-05
4.29153e-05
4.41074e-05
2.5034e-05
3.00407e-05
2.00272e-05
3.88622e-05
2.59876e-05
3.38554e-05
3.91006e-05
2.40803e-05
3.09944e-05
5.48363e-05
5.98431e-05
5.79357e-05
7.00951e-05
3.8147e-05
2.90871e-05
3.60012e-05
2.90871e-05
3.09944e-05
3.69549e-05
2.5034e-05
6.19888e-05
6.00815e-05
0.000106812
2.59876e-05
2.19345e-05
2.59876e-05
4.19617e-05
3.29018e-05
3.91006e-05
3.91006e-05
4.69685e-05
2.69413e-05
1.81198e-05
2.31266e-05
1.78814e-05
2.38419e-05
2.5034e-05
3.91006e-05
4.1008e-05
1.81198e-05
2.19345e-05
1.90735e-05
1.90735e-05
2.09808e-05
2.71797e-05
3.29018e-05
4.00543e-05
3.91006e-05
3.09944e-05
4.88758e-05
4.60148e-05
3.91006e-05
3.88622e-05
2.28882e-05
0.000100851
2.09808e-05
4.31538e-05
5.91278e-05
9.20296e-05
6.50883e-05
4.81606e-05
7.20024e-05
6.50883e-05
2.40803e-05
2.5034e-05
2.7895e-05
2.5034e-05
3.31402e-05
4.19617e-05
5.38826e-05
7.10487e-05
1.88351e-05
1.88351e-05
2.59876e-05
4.19617e-05
2.19345e-05
3.09944e-05
4.29153e-05
5.6982e-05
1.78814e-05
4.79221e-05
2.28882e-05
2.31266e-05
4.19617e-05
3.60012e-05
4.91142e-05
6.07967e-05
2.69413e-05
3.79086e-05
7.00951e-05
6.69956e-05
9.60827e-05
4.19617e-05
0.000102043
2.90871e-05
3.88622e-05
4.60148e-05
2.12193e-05
3.09944e-05
2.5034e-05
4.29153e-05
6.60419e-05
2.59876e-05
3.00407e-05
2.5034e-05
2.09808e-05
2.6226e-05
3.29018e-05
2.40803e-05
4.1008e-05
3.8147e-05
2.7895e-05
3.09944e-05
3.40939e-05
2.31266e-05
2.21729e-05
2.5034e-05
2.59876e-05
2.59876e-05
4.57764e-05
2.5034e-05
2.5034e-05
2.7895e-05
2.7895e-05
2.38419e-05
3.50475e-05
4.91142e-05
2.59876e-05
4.00543e-05
5.6982e-05
5.6982e-05
8.10623e-05
6.29425e-05
6.38962e-05
8.98838e-05
4.1008e-05
3.00407e-05
2.00272e-05
7.51019e-05
6.10352e-05
6.98566e-05
4.29153e-05
4.19617e-05
2.28882e-05
4.69685e-05
2.28882e-05
3.50475e-05
4.00543e-05
3.79086e-05
3.91006e-05
3.98159e-05
2.00272e-05
2.88486e-05
3.79086e-05
2.28882e-05
1.90735e-05
2.5034e-05
2.40803e-05
5.60284e-05
2.40803e-05
1.90735e-05
2.28882e-05
1.90735e-05
2.31266e-05
2.21729e-05
3.09944e-05
4.3869e-05
2.7895e-05
3.50475e-05
6.41346e-05
3.09944e-05
2.09808e-05
8.10623e-05
8.60691e-05
9.10759e-05
3.38554e-05
3.31402e-05
7.20024e-05
3.60012e-05
6.10352e-05
6.31809e-05
7.98702e-05
9.29832e-05
2.88486e-05
3.60012e-05
4.60148e-05
6.00815e-05
5.79357e-05
4.41074e-05
5.48363e-05
8.01086e-05
2.59876e-05
5.31673e-05
1.90735e-05
1.78814e-05
4.50611e-05
2.81334e-05
2.71797e-05
3.50475e-05
2.31266e-05
2.19345e-05
4.41074e-05
2.40803e-05
2.31266e-05
2.19345e-05
3.69549e-05
5.00679e-05
3.60012e-05
5.6982e-05
2.19345e-05
6.50883e-05
8.51154e-05
2.59876e-05
9.89437e-05
0.000103951
3.19481e-05
4.50611e-05
3.00407e-05
2.90871e-05
2.7895e-05
2.7895e-05
3.91006e-05
9.799e-05
2.28882e-05
3.19481e-05
3.31402e-05
4.60148e-05
2.28882e-05
2.19345e-05
2.28882e-05
4.69685e-05
2.40803e-05
7.10487e-05
1.88351e-05
4.50611e-05
4.69685e-05
2.28882e-05
2.31266e-05
5.22137e-05
2.19345e-05
2.21729e-05
4.48227e-05
2.5034e-05
1.81198e-05
2.28882e-05
3.09944e-05
6.50883e-05
2.38419e-05
4.00543e-05
4.81606e-05
7.10487e-05
7.20024e-05
2.19345e-05
0.00013113
7.00951e-05
2.69413e-05
3.71933e-05
3.88622e-05
2.7895e-05
3.69549e-05
4.50611e-05
9.29832e-05
5.98431e-05
2.38419e-05
2.19345e-05
2.5034e-05
2.59876e-05
8.29697e-05
3.29018e-05
4.19617e-05
4.29153e-05
1.90735e-05
2.5034e-05
4.60148e-05
2.28882e-05
1.90735e-05
3.09944e-05
4.41074e-05
2.71797e-05
2.90871e-05
2.00272e-05
2.19345e-05
5.29289e-05
5.60284e-05
2.90871e-05
5.38826e-05
5.6982e-05
3.31402e-05
5.00679e-05
2.81334e-05
6.29425e-05
0.000169992
0.00013113
0.000181913
0.000219107
3.60012e-05
4.79221e-05
3.40939e-05
2.00272e-05
2.28882e-05
7.51019e-05
7.20024e-05
6.60419e-05
2.5034e-05
6.50883e-05
7.10487e-05
2.71797e-05
3.21865e-05
2.7895e-05
3.50475e-05
5.00679e-05
4.57764e-05
4.50611e-05
2.69413e-05
2.88486e-05
2.09808e-05
2.5034e-05
4.79221e-05
5.6982e-05
1.90735e-05
2.00272e-05
2.88486e-05
4.31538e-05
2.40803e-05
2.31266e-05
3.40939e-05
6.10352e-05
4.69685e-05
2.40803e-05
7.08103e-05
4.50611e-05
2.40803e-05
9.91821e-05
9.799e-05
9.60827e-05
3.88622e-05
5.29289e-05
2.31266e-05
3.79086e-05
4.48227e-05
3.71933e-05
5.6982e-05
7.00951e-05
2.40803e-05
3.00407e-05
3.40939e-05
4.41074e-05
4.48227e-05
3.09944e-05
4.1008e-05
5.29289e-05
2.40803e-05
3.50475e-05
6.60419e-05
2.28882e-05
4.50611e-05
3.19481e-05
3.50475e-05
4.48227e-05
2.40803e-05
3.91006e-05
1.90735e-05
1.78814e-05
4.60148e-05
2.5034e-05
3.31402e-05
5.6982e-05
2.7895e-05
1.81198e-05
7.51019e-05
7.51019e-05
5.6982e-05
8.60691e-05
0.000111103
5.81741e-05
3.00407e-05
3.60012e-05
1.40667e-05
3.8147e-05
3.19481e-05
2.19345e-05
4.60148e-05
8.2016e-05
2.19345e-05
2.59876e-05
2.28882e-05
2.59876e-05
3.69549e-05
2.7895e-05
2.98023e-05
4.19617e-05
4.81606e-05
3.09944e-05
6.69956e-05
4.69685e-05
3.40939e-05
2.31266e-05
2.69413e-05
3.48091e-05
2.40803e-05
2.21729e-05
1.78814e-05
1.81198e-05
2.28882e-05
2.6226e-05
3.91006e-05
2.38419e-05
2.47955e-05
3.60012e-05
4.1008e-05
4.50611e-05
5.6982e-05
2.19345e-05
0.000112057
0.000145912
3.88622e-05
3.19481e-05
5.50747e-05
6.38962e-05
9.48906e-05
0.000101089
0.000102997
0.000118017
2.21729e-05
4.50611e-05
1.88351e-05
2.28882e-05
5.6982e-05
2.47955e-05
2.19345e-05
5.38826e-05
2.88486e-05
4.50611e-05
1.90735e-05
2.31266e-05
1.81198e-05
4.3869e-05
4.50611e-05
5.10216e-05
4.60148e-05
4.60148e-05
2.09808e-05
2.21729e-05
2.40803e-05
2.47955e-05
3.09944e-05
3.60012e-05
2.59876e-05
2.90871e-05
1.90735e-05
6.10352e-05
3.60012e-05
9.01222e-05
9.799e-05
0.00010705
3.31402e-05
4.69685e-05
3.09944e-05
3.79086e-05
3.88622e-05
3.19481e-05
4.60148e-05
6.00815e-05
2.7895e-05
3.88622e-05
2.59876e-05
3.31402e-05
3.88622e-05
2.7895e-05
3.21865e-05
4.79221e-05
2.40803e-05
5.19753e-05
1.90735e-05
4.50611e-05
2.40803e-05
2.28882e-05
2.47955e-05
3.29018e-05
2.31266e-05
1.90735e-05
4.88758e-05
1.78814e-05
4.81606e-05
3.00407e-05
3.09944e-05
6.69956e-05
3.8147e-05
5.10216e-05
6.19888e-05
6.60419e-05
6.60419e-05
8.70228e-05
4.50611e-05
9.29832e-05
2.5034e-05
3.19481e-05
3.69549e-05
4.60148e-05
4.1008e-05
8.29697e-05
6.58035e-05
5.98431e-05
4.48227e-05
3.21865e-05
3.88622e-05
5.4121e-05
2.00272e-05
2.5034e-05
5.60284e-05
6.29425e-05
3.00407e-05
3.69549e-05
2.59876e-05
4.29153e-05
2.5034e-05
2.69413e-05
4.29153e-05
6.29425e-05
1.90735e-05
2.40803e-05
4.91142e-05
2.5034e-05
3.19481e-05
2.40803e-05
2.69413e-05
3.40939e-05
4.79221e-05
2.7895e-05
7.82013e-05
8.60691e-05
0.000102997
0.000105858
4.48227e-05
5.91278e-05
4.00543e-05
5.38826e-05
2.81334e-05
4.79221e-05
7.00951e-05
6.10352e-05
8.70228e-05
9.01222e-05
2.31266e-05
5.10216e-05
2.69413e-05
3.91006e-05
7.10487e-05
2.69413e-05
3.40939e-05
4.60148e-05
4.60148e-05
2.59876e-05
3.69549e-05
4.19617e-05
1.78814e-05
2.19345e-05
2.5034e-05
5.91278e-05
4.1008e-05
4.98295e-05
2.19345e-05
2.28882e-05
1.88351e-05
1.97887e-05
3.60012e-05
4.79221e-05
3.60012e-05
2.7895e-05
5.79357e-05
6.38962e-05
3.50475e-05
0.000105858
0.00011301
0.000115871
2.88486e-05
3.00407e-05
3.29018e-05
2.69413e-05
6.50883e-05
2.69413e-05
5.50747e-05
4.60148e-05
3.40939e-05
4.00543e-05
7.79629e-05
2.38419e-05
3.60012e-05
2.28882e-05
3.69549e-05
4.69685e-05
2.40803e-05
2.90871e-05
4.88758e-05
2.5034e-05
1.90735e-05
2.69413e-05
3.40939e-05
5.00679e-05
4.60148e-05
4.50611e-05
2.40803e-05
3.98159e-05
4.79221e-05
2.69413e-05
2.59876e-05
5.60284e-05
3.29018e-05
3.31402e-05
4.60148e-05
5.50747e-05
9.10759e-05
3.60012e-05
2.5034e-05
8.79765e-05
4.19617e-05
2.28882e-05
4.29153e-05
9.01222e-05
3.98159e-05
5.88894e-05
6.41346e-05
6.48499e-05
4.88758e-05
4.91142e-05
4.00543e-05
5.10216e-05
5.50747e-05
3.8147e-05
6.19888e-05
6.60419e-05
2.59876e-05
4.91142e-05
5.19753e-05
3.19481e-05
3.09944e-05
2.59876e-05
2.7895e-05
5.00679e-05
2.28882e-05
4.60148e-05
4.60148e-05
1.88351e-05
4.60148e-05
4.69685e-05
3.71933e-05
4.79221e-05
3.69549e-05
4.79221e-05
2.59876e-05
7.20024e-05
8.08239e-05
3.60012e-05
0.000112057
0.000120163
3.60012e-05
3.71933e-05
3.19481e-05
8.01086e-05
5.29289e-05
7.20024e-05
6.60419e-05
8.29697e-05
3.21865e-05
2.71797e-05
4.98295e-05
6.69956e-05
7.60555e-05
3.09944e-05
6.69956e-05
6.8903e-05
2.90871e-05
3.19481e-05
3.79086e-05
4.00543e-05
4.50611e-05
3.00407e-05
3.00407e-05
6.19888e-05
4.60148e-05
5.29289e-05
5.6982e-05
1.90735e-05
2.69413e-05
3.19481e-05
4.60148e-05
4.91142e-05
3.21865e-05
3.8147e-05
5.19753e-05
7.29561e-05
8.01086e-05
3.19481e-05
0.000102043
0.000121117
3.00407e-05
3.50475e-05
2.40803e-05
5.4121e-05
6.69956e-05
5.88894e-05
6.50883e-05
5.48363e-05
1.90735e-05
4.60148e-05
1.90735e-05
5.48363e-05
5.6982e-05
2.47955e-05
4.88758e-05
3.69549e-05
2.21729e-05
2.5034e-05
3.19481e-05
4.60148e-05
2.19345e-05
2.40803e-05
3.71933e-05
4.3869e-05
2.19345e-05
3.09944e-05
2.00272e-05
2.09808e-05
2.47955e-05
2.5034e-05
3.31402e-05
5.29289e-05
3.40939e-05
7.20024e-05
7.89165e-05
3.60012e-05
0.000101089
8.70228e-05
0.000133038
9.799e-05
3.09944e-05
2.98023e-05
2.90871e-05
3.09944e-05
2.7895e-05
4.50611e-05
9.20296e-05
0.000105858
2.7895e-05
3.19481e-05
2.09808e-05
3.38554e-05
4.31538e-05
2.69413e-05
2.7895e-05
6.10352e-05
2.31266e-05
2.09808e-05
2.28882e-05
1.90735e-05
2.38419e-05
2.88486e-05
2.28882e-05
5.10216e-05
2.31266e-05
4.00543e-05
4.29153e-05
1.90735e-05
2.81334e-05
3.09944e-05
4.29153e-05
5.29289e-05
3.21865e-05
3.19481e-05
6.50883e-05
0.000109911
5.79357e-05
0.000132799
6.41346e-05
0.000157118
4.19617e-05
3.00407e-05
5.38826e-05
2.59876e-05
3.09944e-05
3.50475e-05
2.5034e-05
3.79086e-05
2.40803e-05
2.69413e-05
2.7895e-05
4.60148e-05
5.00679e-05
2.69413e-05
3.79086e-05
6.29425e-05
2.5034e-05
1.90735e-05
3.09944e-05
4.69685e-05
2.21729e-05
3.31402e-05
4.79221e-05
4.98295e-05
2.00272e-05
3.60012e-05
2.5034e-05
1.78814e-05
2.7895e-05
3.09944e-05
3.79086e-05
4.88758e-05
2.69413e-05
4.00543e-05
5.10216e-05
5.31673e-05
7.29561e-05
1.78814e-05
0.000109196
6.69956e-05
3.38554e-05
4.50611e-05
2.5034e-05
4.19617e-05
3.38554e-05
5.31673e-05
4.1008e-05
6.69956e-05
2.38419e-05
3.09944e-05
4.88758e-05
5.60284e-05
2.5034e-05
3.79086e-05
4.60148e-05
2.38419e-05
2.19345e-05
4.41074e-05
2.38419e-05
3.29018e-05
5.88894e-05
2.19345e-05
5.29289e-05
6.60419e-05
2.59876e-05
2.69413e-05
4.81606e-05
2.19345e-05
1.88351e-05
2.69413e-05
4.79221e-05
4.88758e-05
3.09944e-05
7.29561e-05
7.20024e-05
7.70092e-05
4.00543e-05
0.00010705
5.88894e-05
5.88894e-05
5.10216e-05
3.50475e-05
2.40803e-05
4.50611e-05
7.51019e-05
4.69685e-05
5.6982e-05
6.8903e-05
4.1008e-05
2.5034e-05
3.69549e-05
6.60419e-05
2.40803e-05
2.19345e-05
4.88758e-05
5.60284e-05
2.5034e-05
4.1008e-05
4.69685e-05
4.60148e-05
2.21729e-05
2.59876e-05
5.98431e-05
8.4877e-05
2.28882e-05
3.12328e-05
4.19617e-05
4.1008e-05
2.59876e-05
4.19617e-05
5.6982e-05
5.98431e-05
3.19481e-05
4.57764e-05
5.31673e-05
5.50747e-05
3.29018e-05
4.98295e-05
7.9155e-05
0.000115871
2.59876e-05
3.8147e-05
3.19481e-05
3.29018e-05
3.69549e-05
6.31809e-05
6.69956e-05
6.60419e-05
4.60148e-05
3.48091e-05
4.3869e-05
2.90871e-05
2.09808e-05
3.40939e-05
5.00679e-05
5.29289e-05
2.59876e-05
3.19481e-05
4.48227e-05
2.38419e-05
7.89165e-05
2.5034e-05
6.29425e-05
7.29561e-05
1.81198e-05
4.79221e-05
6.79493e-05
4.3869e-05
4.31538e-05
4.60148e-05
6.10352e-05
6.60419e-05
4.19617e-05
4.50611e-05
2.19345e-05
7.20024e-05
9.89437e-05
0.000114918
0.000131845
5.19753e-05
4.79221e-05
3.09944e-05
2.71797e-05
3.69549e-05
7.41482e-05
7.29561e-05
7.39098e-05
0.000141859
2.5034e-05
4.50611e-05
2.19345e-05
4.00543e-05
5.60284e-05
4.00543e-05
4.91142e-05
6.98566e-05
1.81198e-05
4.48227e-05
2.09808e-05
4.41074e-05
4.41074e-05
3.09944e-05
3.60012e-05
8.2016e-05
2.38419e-05
2.40803e-05
4.60148e-05
4.60148e-05
2.81334e-05
3.09944e-05
4.88758e-05
7.20024e-05
3.88622e-05
5.19753e-05
5.22137e-05
2.5034e-05
9.08375e-05
6.41346e-05
0.000120163
0.000134945
3.09944e-05
4.29153e-05
6.19888e-05
6.50883e-05
7.58171e-05
6.98566e-05
7.39098e-05
9.70364e-05
2.40803e-05
3.00407e-05
2.5034e-05
3.21865e-05
6.58035e-05
3.09944e-05
8.60691e-05
9.08375e-05
4.79221e-05
4.79221e-05
4.50611e-05
4.31538e-05
4.69685e-05
5.38826e-05
5.60284e-05
6.69956e-05
4.60148e-05
4.79221e-05
4.41074e-05
1.88351e-05
4.50611e-05
3.21865e-05
4.29153e-05
5.31673e-05
2.71797e-05
3.60012e-05
4.50611e-05
6.19888e-05
5.6982e-05
2.98023e-05
3.50475e-05
4.3869e-05
3.8147e-05
7.51019e-05
6.79493e-05
7.31945e-05
6.50883e-05
6.8903e-05
0.000100851
9.29832e-05
3.09944e-05
4.31538e-05
6.07967e-05
2.59876e-05
4.69685e-05
2.59876e-05
3.09944e-05
4.69685e-05
2.28882e-05
2.88486e-05
2.7895e-05
4.19617e-05
4.41074e-05
3.21865e-05
3.98159e-05
8.70228e-05
4.1008e-05
1.90735e-05
2.69413e-05
1.90735e-05
2.19345e-05
2.69413e-05
3.48091e-05
5.6982e-05
2.09808e-05
4.79221e-05
5.91278e-05
1.28746e-05
9.98974e-05
0.000108004
0.000124931
6.07967e-05
4.19617e-05
2.28882e-05
7.9155e-05
7.60555e-05
5.38826e-05
0.000110149
0.00013423
0.000146866
4.50611e-05
1.81198e-05
2.59876e-05
4.31538e-05
6.48499e-05
6.19888e-05
6.79493e-05
8.29697e-05
4.41074e-05
2.69413e-05
2.00272e-05
2.40803e-05
2.38419e-05
3.00407e-05
3.29018e-05
6.79493e-05
4.19617e-05
2.5034e-05
2.21729e-05
1.50204e-05
2.40803e-05
2.59876e-05
4.69685e-05
5.91278e-05
3.31402e-05
5.50747e-05
6.10352e-05
2.00272e-05
7.51019e-05
7.70092e-05
0.000115871
4.69685e-05
4.00543e-05
3.60012e-05
1.97887e-05
2.28882e-05
3.29018e-05
8.98838e-05
7.29561e-05
7.79629e-05
2.40803e-05
4.60148e-05
2.38419e-05
6.00815e-05
6.19888e-05
2.59876e-05
3.09944e-05
4.91142e-05
1.90735e-05
2.28882e-05
4.3869e-05
1.90735e-05
2.28882e-05
2.19345e-05
3.00407e-05
3.19481e-05
2.40803e-05
2.59876e-05
4.60148e-05
4.3869e-05
2.21729e-05
2.88486e-05
6.19888e-05
6.69956e-05
3.40939e-05
5.19753e-05
5.48363e-05
6.38962e-05
7.00951e-05
8.29697e-05
3.50475e-05
3.19481e-05
3.79086e-05
3.69549e-05
3.50475e-05
3.31402e-05
5.31673e-05
7.70092e-05
0.000108957
0.000109911
2.09808e-05
5.19753e-05
2.19345e-05
3.79086e-05
5.00679e-05
2.38419e-05
3.19481e-05
4.81606e-05
2.38419e-05
3.40939e-05
3.91006e-05
2.19345e-05
1.88351e-05
1.5974e-05
2.88486e-05
3.69549e-05
4.69685e-05
1.88351e-05
2.28882e-05
2.71797e-05
4.41074e-05
2.19345e-05
2.88486e-05
5.19753e-05
3.09944e-05
5.19753e-05
7.51019e-05
9.48906e-05
0.000105143
0.000110149
6.00815e-05
6.41346e-05
2.59876e-05
3.69549e-05
3.91006e-05
2.71797e-05
3.40939e-05
4.41074e-05
3.50475e-05
0.000127077
2.40803e-05
2.7895e-05
4.1008e-05
5.31673e-05
2.40803e-05
2.71797e-05
3.29018e-05
6.10352e-05
3.48091e-05
4.91142e-05
1.90735e-05
4.69685e-05
2.09808e-05
2.90871e-05
3.09944e-05
2.90871e-05
3.09944e-05
2.31266e-05
2.69413e-05
2.90871e-05
2.21729e-05
2.31266e-05
3.50475e-05
4.98295e-05
2.7895e-05
5.48363e-05
5.50747e-05
6.31809e-05
3.29018e-05
3.91006e-05
0.000101089
2.28882e-05
2.88486e-05
2.7895e-05
3.00407e-05
6.98566e-05
8.10623e-05
4.19617e-05
5.81741e-05
7.48634e-05
2.81334e-05
2.21729e-05
3.09944e-05
4.00543e-05
6.58035e-05
2.5034e-05
3.50475e-05
4.91142e-05
3.00407e-05
4.88758e-05
5.98431e-05
2.21729e-05
4.91142e-05
2.5034e-05
3.69549e-05
3.71933e-05
2.19345e-05
4.60148e-05
2.00272e-05
2.09808e-05
2.28882e-05
2.5034e-05
3.19481e-05
4.50611e-05
3.29018e-05
4.69685e-05
4.79221e-05
2.00272e-05
0.000112057
0.000114918
0.000120163
5.81741e-05
3.91006e-05
3.31402e-05
3.00407e-05
2.7895e-05
3.50475e-05
4.60148e-05
3.91006e-05
2.81334e-05
2.7895e-05
2.38419e-05
2.81334e-05
5.00679e-05
5.60284e-05
2.59876e-05
6.8903e-05
7.79629e-05
1.90735e-05
2.12193e-05
4.98295e-05
2.19345e-05
2.40803e-05
3.00407e-05
4.69685e-05
4.69685e-05
2.19345e-05
5.50747e-05
4.3869e-05
5.00679e-05
1.90735e-05
2.09808e-05
2.5034e-05
5.6982e-05
3.69549e-05
4.19617e-05
2.28882e-05
3.00407e-05
8.29697e-05
8.2016e-05
8.67844e-05
0.000119925
3.21865e-05
6.58035e-05
3.00407e-05
6.10352e-05
4.50611e-05
4.19617e-05
0.000117779
8.39233e-05
4.69685e-05
2.31266e-05
2.81334e-05
3.60012e-05
4.79221e-05
3.19481e-05
4.29153e-05
6.19888e-05
1.90735e-05
4.50611e-05
4.79221e-05
2.40803e-05
5.4121e-05
3.31402e-05
4.00543e-05
4.29153e-05
2.5034e-05
4.50611e-05
4.50611e-05
3.00407e-05
3.60012e-05
2.47955e-05
3.00407e-05
4.29153e-05
3.29018e-05
5.6982e-05
2.59876e-05
0.000108004
8.01086e-05
8.70228e-05
5.10216e-05
0.000108004
3.50475e-05
2.81334e-05
3.40939e-05
7.10487e-05
7.79629e-05
8.79765e-05
8.51154e-05
0.000114918
4.1008e-05
3.21865e-05
5.38826e-05
1.50204e-05
5.6982e-05
2.21729e-05
3.29018e-05
5.07832e-05
2.09808e-05
4.69685e-05
2.19345e-05
2.69413e-05
2.00272e-05
2.59876e-05
3.88622e-05
5.48363e-05
4.60148e-05
1.81198e-05
2.28882e-05
4.31538e-05
1.78814e-05
2.59876e-05
4.69685e-05
5.88894e-05
3.21865e-05
5.48363e-05
3.00407e-05
7.08103e-05
2.7895e-05
9.89437e-05
0.000104904
0.000128984
2.71797e-05
4.50611e-05
3.00407e-05
2.81334e-05
2.71797e-05
3.21865e-05
3.69549e-05
3.19481e-05
2.28882e-05
2.5034e-05
2.69413e-05
3.91006e-05
4.31538e-05
3.31402e-05
4.79221e-05
4.98295e-05
5.19753e-05
2.59876e-05
5.88894e-05
4.79221e-05
6.10352e-05
2.7895e-05
5.50747e-05
6.19888e-05
4.60148e-05
2.40803e-05
7.79629e-05
2.00272e-05
4.69685e-05
4.19617e-05
2.69413e-05
5.98431e-05
2.71797e-05
3.50475e-05
4.00543e-05
3.09944e-05
5.88894e-05
8.89301e-05
6.19888e-05
0.000113964
2.6226e-05
5.50747e-05
5.38826e-05
4.88758e-05
4.29153e-05
4.91142e-05
6.10352e-05
0.000101089
4.50611e-05
2.40803e-05
2.88486e-05
2.40803e-05
3.09944e-05
2.19345e-05
3.19481e-05
5.60284e-05
2.12193e-05
5.10216e-05
4.79221e-05
4.3869e-05
4.60148e-05
5.10216e-05
3.91006e-05
5.4121e-05
4.31538e-05
4.79221e-05
4.50611e-05
4.69685e-05
4.81606e-05
2.98023e-05
5.57899e-05
6.8903e-05
2.81334e-05
2.47955e-05
2.40803e-05
3.09944e-05
2.71797e-05
8.58307e-05
0.000103951
7.98702e-05
2.5034e-05
2.59876e-05
2.88486e-05
6.19888e-05
2.81334e-05
5.6982e-05
5.48363e-05
3.21865e-05
2.31266e-05
2.98023e-05
7.98702e-05
1.90735e-05
2.71797e-05
2.71797e-05
5.91278e-05
6.50883e-05
4.50611e-05
2.5034e-05
1.90735e-05
2.31266e-05
4.50611e-05
2.69413e-05
2.90871e-05
3.50475e-05
4.69685e-05
4.29153e-05
4.69685e-05
2.31266e-05
5.00679e-05
2.5034e-05
3.00407e-05
4.81606e-05
2.90871e-05
3.40939e-05
1.81198e-05
6.98566e-05
2.88486e-05
9.799e-05
0.000130892
0.000138998
3.31402e-05
2.7895e-05
2.40803e-05
3.29018e-05
2.47955e-05
8.32081e-05
3.50475e-05
4.69685e-05
2.69413e-05
2.31266e-05
3.31402e-05
2.5034e-05
3.31402e-05
2.09808e-05
3.19481e-05
6.10352e-05
5.19753e-05
5.29289e-05
2.59876e-05
2.31266e-05
4.69685e-05
2.59876e-05
4.00543e-05
6.69956e-05
2.19345e-05
1.81198e-05
2.19345e-05
3.00407e-05
5.60284e-05
2.21729e-05
2.98023e-05
3.19481e-05
3.79086e-05
5.6982e-05
5.98431e-05
4.50611e-05
4.69685e-05
9.20296e-05
7.58171e-05
0.000121832
3.50475e-05
4.79221e-05
5.6982e-05
3.60012e-05
5.19753e-05
7.08103e-05
7.60555e-05
8.2016e-05
3.00407e-05
2.12193e-05
5.4121e-05
3.31402e-05
4.91142e-05
4.57764e-05
4.60148e-05
5.79357e-05
2.5034e-05
4.79221e-05
5.10216e-05
4.3869e-05
4.48227e-05
2.40803e-05
6.38962e-05
6.10352e-05
2.81334e-05
2.09808e-05
2.31266e-05
3.50475e-05
4.88758e-05
4.3869e-05
4.88758e-05
4.3869e-05
2.7895e-05
3.69549e-05
2.59876e-05
7.51019e-05
2.7895e-05
9.01222e-05
9.60827e-05
0.000118971
4.60148e-05
3.38554e-05
6.19888e-05
2.81334e-05
2.90871e-05
3.21865e-05
5.29289e-05
5.79357e-05
2.28882e-05
2.40803e-05
3.00407e-05
3.91006e-05
2.28882e-05
3.09944e-05
4.00543e-05
4.79221e-05
2.81334e-05
6.00815e-05
2.40803e-05
2.00272e-05
4.69685e-05
2.69413e-05
3.00407e-05
4.60148e-05
4.3869e-05
4.50611e-05
2.19345e-05
2.5034e-05
2.59876e-05
3.09944e-05
4.1008e-05
4.79221e-05
2.69413e-05
3.21865e-05
5.31673e-05
9.39369e-05
9.17912e-05
5.10216e-05
5.91278e-05
0.000145912
3.40939e-05
4.29153e-05
2.28882e-05
2.90871e-05
3.00407e-05
5.50747e-05
5.60284e-05
4.88758e-05
2.38419e-05
4.69685e-05
2.40803e-05
3.48091e-05
3.79086e-05
4.00543e-05
4.60148e-05
5.00679e-05
2.59876e-05
2.59876e-05
4.50611e-05
1.5974e-05
6.60419e-05
3.50475e-05
4.00543e-05
2.69413e-05
2.28882e-05
2.19345e-05
3.00407e-05
3.69549e-05
6.79493e-05
2.00272e-05
2.47955e-05
4.79221e-05
2.90871e-05
4.1008e-05
5.6982e-05
6.31809e-05
9.20296e-05
6.58035e-05
5.6982e-05
0.000118017
3.50475e-05
2.00272e-05
5.60284e-05
2.19345e-05
3.79086e-05
3.00407e-05
5.29289e-05
6.29425e-05
1.90735e-05
2.38419e-05
3.91006e-05
4.31538e-05
5.91278e-05
3.38554e-05
5.00679e-05
4.88758e-05
2.38419e-05
5.98431e-05
5.19753e-05
4.60148e-05
2.5034e-05
2.40803e-05
3.79086e-05
4.48227e-05
4.48227e-05
2.5034e-05
4.60148e-05
4.81606e-05
5.4121e-05
2.38419e-05
3.09944e-05
4.1008e-05
2.7895e-05
3.8147e-05
5.10216e-05
6.38962e-05
9.89437e-05
4.91142e-05
6.41346e-05
7.20024e-05
2.98023e-05
6.10352e-05
3.91006e-05
7.29561e-05
4.00543e-05
4.88758e-05
6.48499e-05
7.58171e-05
2.38419e-05
4.19617e-05
2.81334e-05
4.19617e-05
3.31402e-05
3.09944e-05
3.8147e-05
6.19888e-05
2.69413e-05
3.29018e-05
2.81334e-05
2.81334e-05
2.31266e-05
2.90871e-05
4.00543e-05
4.98295e-05
4.69685e-05
2.47955e-05
2.21729e-05
4.69685e-05
2.19345e-05
5.10216e-05
6.50883e-05
7.41482e-05
3.00407e-05
3.00407e-05
6.69956e-05
6.60419e-05
2.5034e-05
4.3869e-05
0.000111818
0.000123024
2.88486e-05
4.1008e-05
3.31402e-05
5.00679e-05
7.10487e-05
7.41482e-05
6.79493e-05
9.48906e-05
3.29018e-05
5.98431e-05
2.47955e-05
3.00407e-05
6.19888e-05
3.19481e-05
4.72069e-05
2.81334e-05
4.69685e-05
2.69413e-05
5.4121e-05
5.00679e-05
4.79221e-05
3.79086e-05
4.69685e-05
5.98431e-05
4.29153e-05
4.69685e-05
2.7895e-05
4.00543e-05
1.90735e-05
2.69413e-05
3.19481e-05
4.48227e-05
2.69413e-05
4.1008e-05
4.72069e-05
4.79221e-05
2.40803e-05
7.98702e-05
2.7895e-05
0.000132084
3.79086e-05
2.00272e-05
3.29018e-05
2.90871e-05
4.19617e-05
3.00407e-05
4.69685e-05
4.91142e-05
2.38419e-05
2.40803e-05
3.00407e-05
3.31402e-05
1.90735e-05
3.00407e-05
3.31402e-05
3.79086e-05
2.69413e-05
3.40939e-05
2.59876e-05
2.59876e-05
2.40803e-05
1.50204e-05
3.50475e-05
3.91006e-05
1.78814e-05
2.40803e-05
2.00272e-05
2.40803e-05
4.19617e-05
2.5034e-05
4.29153e-05
4.79221e-05
2.90871e-05
4.60148e-05
3.50475e-05
6.00815e-05
2.38419e-05
9.39369e-05
9.89437e-05
0.000104904
3.09944e-05
2.69413e-05
5.07832e-05
8.79765e-05
6.48499e-05
6.10352e-05
9.58443e-05
7.60555e-05
1.81198e-05
2.31266e-05
2.59876e-05
3.91006e-05
4.69685e-05
2.59876e-05
4.91142e-05
5.50747e-05
1.78814e-05
2.5034e-05
3.69549e-05
2.40803e-05
2.19345e-05
4.3869e-05
4.41074e-05
5.88894e-05
4.50611e-05
2.69413e-05
2.59876e-05
2.28882e-05
2.59876e-05
1.90735e-05
2.31266e-05
3.09944e-05
2.59876e-05
3.31402e-05
4.1008e-05
2.09808e-05
2.38419e-05
2.59876e-05
0.000129938
0.000111103
4.00543e-05
3.60012e-05
3.38554e-05
3.09944e-05
1.71661e-05
6.69956e-05
3.60012e-05
5.00679e-05
2.28882e-05
2.40803e-05
2.28882e-05
2.71797e-05
3.50475e-05
2.47955e-05
2.59876e-05
3.29018e-05
1.28746e-05
4.91142e-05
4.81606e-05
2.5034e-05
2.40803e-05
2.19345e-05
4.1008e-05
2.69413e-05
2.59876e-05
2.69413e-05
5.19753e-05
2.71797e-05
1.90735e-05
4.19617e-05
4.19617e-05
4.50611e-05
2.69413e-05
3.98159e-05
2.7895e-05
0.000100851
0.000106096
0.000132084
6.50883e-05
0.000138998
5.79357e-05
2.59876e-05
3.40939e-05
2.81334e-05
3.00407e-05
9.29832e-05
6.48499e-05
9.08375e-05
2.28882e-05
2.69413e-05
3.09944e-05
7.20024e-05
4.69685e-05
3.60012e-05
4.41074e-05
6.69956e-05
3.88622e-05
4.50611e-05
2.28882e-05
2.09808e-05
2.5034e-05
2.5034e-05
4.19617e-05
8.41618e-05
2.09808e-05
2.19345e-05
1.90735e-05
1.90735e-05
2.31266e-05
1.40667e-05
3.48091e-05
4.81606e-05
3.71933e-05
5.50747e-05
6.19888e-05
4.81606e-05
6.00815e-05
9.58443e-05
5.88894e-05
9.48906e-05
6.10352e-05
8.2016e-05
9.41753e-05
6.38962e-05
5.79357e-05
7.51019e-05
9.5129e-05
0.000130892
3.00407e-05
2.31266e-05
2.40803e-05
4.1008e-05
6.81877e-05
2.7895e-05
3.60012e-05
5.00679e-05
3.09944e-05
3.00407e-05
6.60419e-05
4.60148e-05
2.31266e-05
2.40803e-05
3.29018e-05
5.22137e-05
4.69685e-05
1.69277e-05
2.90871e-05
4.31538e-05
2.19345e-05
3.09944e-05
3.91006e-05
5.29289e-05
2.88486e-05
3.31402e-05
5.10216e-05
2.59876e-05
7.9155e-05
9.29832e-05
5.00679e-05
0.000109911
4.41074e-05
5.38826e-05
3.69549e-05
2.7895e-05
6.07967e-05
8.79765e-05
0.00010705
0.000147104
2.40803e-05
4.69685e-05
3.00407e-05
3.29018e-05
6.19888e-05
2.90871e-05
3.88622e-05
6.48499e-05
3.60012e-05
4.29153e-05
4.22001e-05
2.28882e-05
2.90871e-05
3.50475e-05
4.29153e-05
6.29425e-05
2.19345e-05
2.5034e-05
1.90735e-05
4.60148e-05
1.90735e-05
2.28882e-05
2.19345e-05
3.8147e-05
2.40803e-05
3.88622e-05
4.88758e-05
3.60012e-05
8.58307e-05
0.000109911
0.000120878
2.5034e-05
3.8147e-05
2.7895e-05
4.69685e-05
5.38826e-05
6.60419e-05
6.50883e-05
9.98974e-05
0.000102043
2.59876e-05
4.31538e-05
5.6982e-05
3.29018e-05
5.38826e-05
3.31402e-05
4.91142e-05
2.5034e-05
2.7895e-05
2.40803e-05
4.72069e-05
2.71797e-05
2.98023e-05
2.09808e-05
3.60012e-05
5.98431e-05
2.38419e-05
1.78814e-05
2.59876e-05
2.59876e-05
2.7895e-05
2.5034e-05
4.91142e-05
6.60419e-05
2.7895e-05
4.60148e-05
4.88758e-05
2.12193e-05
2.5034e-05
9.48906e-05
0.000125885
0.00014782
4.1008e-05
4.60148e-05
3.00407e-05
3.50475e-05
6.00815e-05
5.22137e-05
8.89301e-05
0.000100851
2.59876e-05
2.7895e-05
3.60012e-05
4.50611e-05
2.40803e-05
2.7895e-05
3.79086e-05
5.48363e-05
2.81334e-05
5.4121e-05
5.00679e-05
4.1008e-05
2.19345e-05
3.09944e-05
2.40803e-05
5.60284e-05
2.28882e-05
2.19345e-05
4.79221e-05
2.47955e-05
4.69685e-05
2.21729e-05
3.09944e-05
4.50611e-05
1.62125e-05
6.91414e-05
3.60012e-05
8.51154e-05
8.89301e-05
8.91685e-05
1.71661e-05
6.07967e-05
2.69413e-05
3.09944e-05
2.7895e-05
7.79629e-05
5.10216e-05
5.60284e-05
7.20024e-05
0.000123978
4.29153e-05
5.48363e-05
2.28882e-05
2.6226e-05
3.19481e-05
2.38419e-05
3.09944e-05
4.79221e-05
1.81198e-05
4.41074e-05
2.19345e-05
2.19345e-05
2.00272e-05
2.19345e-05
4.19617e-05
5.91278e-05
2.5034e-05
1.88351e-05
2.59876e-05
2.19345e-05
1.81198e-05
2.19345e-05
5.19753e-05
5.6982e-05
4.22001e-05
0.000113964
5.29289e-05
2.28882e-05
6.00815e-05
4.31538e-05
0.000102997
9.32217e-05
3.98159e-05
4.50611e-05
3.60012e-05
3.29018e-05
6.41346e-05
1.97887e-05
5.6982e-05
6.91414e-05
2.47955e-05
3.09944e-05
3.98159e-05
5.10216e-05
5.91278e-05
2.19345e-05
3.09944e-05
6.10352e-05
4.69685e-05
3.40939e-05
6.41346e-05
2.59876e-05
4.79221e-05
3.29018e-05
6.50883e-05
6.29425e-05
4.88758e-05
2.09808e-05
2.21729e-05
2.31266e-05
2.28882e-05
1.69277e-05
2.7895e-05
7.70092e-05
2.5034e-05
3.00407e-05
5.00679e-05
2.88486e-05
6.19888e-05
5.4121e-05
0.000118017
0.000115871
2.59876e-05
3.91006e-05
2.69413e-05
3.29018e-05
2.98023e-05
5.60284e-05
3.09944e-05
3.19481e-05
2.69413e-05
3.91006e-05
4.41074e-05
4.19617e-05
5.31673e-05
2.40803e-05
4.79221e-05
7.20024e-05
2.69413e-05
1.90735e-05
2.09808e-05
3.60012e-05
5.38826e-05
2.47955e-05
3.09944e-05
3.31402e-05
1.88351e-05
3.50475e-05
4.69685e-05
2.5034e-05
2.69413e-05
2.28882e-05
3.29018e-05
3.19481e-05
3.21865e-05
3.79086e-05
4.69685e-05
2.59876e-05
8.70228e-05
8.51154e-05
4.50611e-05
9.89437e-05
3.79086e-05
2.31266e-05
6.79493e-05
5.79357e-05
8.67844e-05
4.31538e-05
5.50747e-05
8.01086e-05
4.69685e-05
2.59876e-05
2.7895e-05
5.98431e-05
6.8903e-05
2.5034e-05
2.81334e-05
3.91006e-05
2.38419e-05
4.29153e-05
5.4121e-05
4.48227e-05
1.97887e-05
2.59876e-05
2.69413e-05
4.00543e-05
1.90735e-05
1.90735e-05
2.59876e-05
2.28882e-05
2.71797e-05
3.09944e-05
4.98295e-05
6.38962e-05
2.09808e-05
7.10487e-05
6.58035e-05
0.00014019
0.000149012
0.000161886
0.000106812
0.000176907
2.7895e-05
3.00407e-05
2.59876e-05
6.29425e-05
4.29153e-05
7.20024e-05
4.50611e-05
2.09808e-05
4.91142e-05
4.81606e-05
2.5034e-05
4.50611e-05
5.00679e-05
2.5034e-05
2.98023e-05
5.88894e-05
2.28882e-05
2.00272e-05
2.31266e-05
2.28882e-05
2.40803e-05
2.28882e-05
3.40939e-05
3.31402e-05
2.09808e-05
4.50611e-05
2.31266e-05
4.3869e-05
4.69685e-05
3.31402e-05
5.00679e-05
6.19888e-05
4.48227e-05
5.10216e-05
5.38826e-05
5.07832e-05
7.82013e-05
4.29153e-05
2.40803e-05
9.10759e-05
3.19481e-05
4.60148e-05
3.29018e-05
2.09808e-05
3.00407e-05
3.88622e-05
6.41346e-05
9.5129e-05
3.00407e-05
3.50475e-05
4.57764e-05
2.88486e-05
3.60012e-05
3.98159e-05
3.29018e-05
5.50747e-05
2.31266e-05
3.00407e-05
6.00815e-05
2.40803e-05
2.40803e-05
2.5034e-05
3.09944e-05
4.19617e-05
4.41074e-05
2.09808e-05
1.88351e-05
4.50611e-05
4.91142e-05
2.71797e-05
4.29153e-05
4.79221e-05
2.5034e-05
3.31402e-05
4.29153e-05
5.00679e-05
3.31402e-05
8.29697e-05
3.69549e-05
0.000103951
3.69549e-05
4.1008e-05
2.31266e-05
3.29018e-05
6.29425e-05
4.98295e-05
0.000104904
7.60555e-05
2.81334e-05
2.88486e-05
2.59876e-05
4.29153e-05
7.60555e-05
2.09808e-05
3.38554e-05
4.88758e-05
4.79221e-05
5.00679e-05
5.29289e-05
4.3869e-05
2.38419e-05
2.21729e-05
3.19481e-05
3.60012e-05
2.19345e-05
4.3869e-05
4.48227e-05
5.22137e-05
1.78814e-05
2.90871e-05
4.41074e-05
4.79221e-05
2.5034e-05
3.40939e-05
4.50611e-05
6.81877e-05
7.79629e-05
3.09944e-05
6.8903e-05
4.48227e-05
2.88486e-05
3.19481e-05
2.47955e-05
3.09944e-05
5.38826e-05
4.88758e-05
8.39233e-05
6.29425e-05
1.90735e-05
3.09944e-05
3.88622e-05
4.19617e-05
1.81198e-05
2.5034e-05
2.59876e-05
4.60148e-05
2.47955e-05
3.60012e-05
2.28882e-05
2.71797e-05
1.78814e-05
2.59876e-05
5.48363e-05
6.8903e-05
4.41074e-05
4.3869e-05
4.69685e-05
4.50611e-05
2.00272e-05
2.31266e-05
4.79221e-05
5.91278e-05
3.19481e-05
3.29018e-05
7.60555e-05
8.29697e-05
8.51154e-05
9.10759e-05
2.69413e-05
6.60419e-05
