6.00815e-05
8.89301e-05
8.39233e-05
7.9155e-05
0.000105143
9.29832e-05
0.000126123
0.000149012
5.4121e-05
4.91142e-05
4.41074e-05
5.10216e-05
5.10216e-05
4.1008e-05
5.88894e-05
5.60284e-05
4.50611e-05
5.19753e-05
6.10352e-05
5.4121e-05
5.29289e-05
5.60284e-05
5.98431e-05
6.10352e-05
5.4121e-05
4.81606e-05
9.70364e-05
4.57764e-05
7.10487e-05
6.19888e-05
7.29561e-05
9.10759e-05
7.08103e-05
6.8903e-05
8.70228e-05
8.2016e-05
6.41346e-05
4.50611e-05
4.48227e-05
7.10487e-05
5.19753e-05
0.000102043
5.6982e-05
0.000108004
0.000102043
0.000109911
0.000106812
0.000158072
4.29153e-05
4.22001e-05
6.10352e-05
4.29153e-05
7.00951e-05
4.79221e-05
6.29425e-05
6.69956e-05
6.8903e-05
6.60419e-05
4.1008e-05
5.19753e-05
5.98431e-05
4.29153e-05
7.39098e-05
0.000105858
4.91142e-05
5.38826e-05
4.22001e-05
4.88758e-05
7.20024e-05
4.1008e-05
5.10216e-05
6.29425e-05
5.60284e-05
6.10352e-05
8.51154e-05
6.58035e-05
7.20024e-05
4.91142e-05
0.000100136
0.000101089
7.10487e-05
5.00679e-05
7.20024e-05
8.29697e-05
0.000117064
0.000138998
9.58443e-05
0.000158072
4.41074e-05
7.10487e-05
4.91142e-05
4.88758e-05
6.60419e-05
0.000102043
8.39233e-05
0.000106096
5.6982e-05
6.29425e-05
8.10623e-05
4.29153e-05
5.6982e-05
5.10216e-05
7.48634e-05
8.89301e-05
6.8903e-05
6.8903e-05
6.50883e-05
4.00543e-05
4.60148e-05
4.3869e-05
3.98159e-05
4.88758e-05
5.10216e-05
0.000158072
7.39098e-05
0.000102043
8.39233e-05
7.51019e-05
0.000128984
0.000159025
7.79629e-05
4.69685e-05
5.98431e-05
5.29289e-05
0.00011301
7.31945e-05
0.000105858
0.000128984
5.6982e-05
5.60284e-05
4.69685e-05
6.00815e-05
0.000112057
9.60827e-05
0.000102043
0.000136137
8.01086e-05
8.41618e-05
0.000101089
5.10216e-05
5.00679e-05
4.3869e-05
5.6982e-05
7.00951e-05
4.29153e-05
6.19888e-05
4.60148e-05
8.67844e-05
4.00543e-05
5.19753e-05
5.60284e-05
5.79357e-05
6.29425e-05
5.91278e-05
8.70228e-05
8.91685e-05
5.31673e-05
0.000123978
0.000132084
6.91414e-05
6.79493e-05
6.60419e-05
6.60419e-05
0.000137091
0.000108004
9.01222e-05
0.000110865
0.000128031
6.00815e-05
6.8903e-05
8.51154e-05
8.89301e-05
9.20296e-05
9.70364e-05
0.000108004
0.000118017
5.60284e-05
4.29153e-05
4.29153e-05
4.69685e-05
4.88758e-05
4.41074e-05
4.50611e-05
4.88758e-05
4.31538e-05
5.48363e-05
4.29153e-05
6.81877e-05
4.29153e-05
4.19617e-05
5.60284e-05
6.69956e-05
5.6982e-05
5.38826e-05
0.000115156
0.000127077
0.000102997
0.000172138
5.98431e-05
7.39098e-05
5.60284e-05
6.19888e-05
6.60419e-05
4.69685e-05
0.000104904
6.79493e-05
8.08239e-05
8.4877e-05
5.29289e-05
5.6982e-05
4.69685e-05
5.00679e-05
5.60284e-05
5.48363e-05
4.69685e-05
5.10216e-05
4.3869e-05
4.19617e-05
4.3869e-05
5.29289e-05
6.60419e-05
9.29832e-05
9.39369e-05
0.000114918
4.60148e-05
4.1008e-05
5.50747e-05
6.00815e-05
8.39233e-05
6.60419e-05
7.79629e-05
8.08239e-05
6.38962e-05
8.70228e-05
6.50883e-05
0.000154018
0.000155926
0.000152826
0.000157833
0.000130892
6.10352e-05
8.2016e-05
4.50611e-05
4.98295e-05
5.19753e-05
9.91821e-05
0.000105143
0.00010705
5.00679e-05
5.38826e-05
6.10352e-05
0.00011301
0.000116825
4.91142e-05
7.41482e-05
9.01222e-05
4.29153e-05
4.69685e-05
7.20024e-05
4.60148e-05
6.00815e-05
4.3869e-05
4.29153e-05
4.91142e-05
4.50611e-05
6.98566e-05
4.79221e-05
4.81606e-05
4.19617e-05
4.88758e-05
5.4121e-05
7.41482e-05
0.000119925
0.000119209
0.000132084
0.00011611
0.000148058
8.82149e-05
0.000156164
0.000116825
4.41074e-05
5.38826e-05
0.00010705
0.000108004
7.20024e-05
7.60555e-05
0.000115156
0.000102043
6.69956e-05
7.20024e-05
5.19753e-05
5.57899e-05
7.60555e-05
6.69956e-05
4.50611e-05
6.50883e-05
6.8903e-05
6.48499e-05
6.69956e-05
7.08103e-05
6.19888e-05
4.79221e-05
5.79357e-05
6.60419e-05
8.89301e-05
9.32217e-05
6.60419e-05
4.29153e-05
6.79493e-05
9.10759e-05
8.4877e-05
0.000118017
6.69956e-05
4.69685e-05
0.000101089
0.000108004
0.000126123
0.000133038
0.000150919
0.000100136
5.88894e-05
6.50883e-05
6.69956e-05
8.70228e-05
8.10623e-05
0.000102043
0.000129938
0.000123024
4.3869e-05
4.60148e-05
7.29561e-05
5.00679e-05
5.81741e-05
8.91685e-05
9.5129e-05
8.60691e-05
5.4121e-05
5.50747e-05
7.70092e-05
4.3869e-05
5.31673e-05
4.60148e-05
5.00679e-05
9.89437e-05
5.19753e-05
5.19753e-05
4.69685e-05
5.38826e-05
7.00951e-05
6.60419e-05
4.60148e-05
6.19888e-05
6.79493e-05
0.000104904
0.000112057
0.000114202
0.000133991
0.000133038
0.000117064
0.000133038
5.4121e-05
4.69685e-05
8.10623e-05
0.000118017
0.00011301
9.82285e-05
0.000102043
0.000114918
6.41346e-05
6.29425e-05
4.29153e-05
6.41346e-05
5.48363e-05
5.98431e-05
8.2016e-05
8.89301e-05
4.79221e-05
4.50611e-05
4.69685e-05
5.10216e-05
6.48499e-05
4.88758e-05
9.29832e-05
0.000101089
4.1008e-05
6.8903e-05
8.89301e-05
4.88758e-05
7.00951e-05
7.89165e-05
7.98702e-05
9.29832e-05
5.29289e-05
7.20024e-05
7.29561e-05
0.000130892
0.000136852
0.000163078
0.000185013
0.000161886
7.51019e-05
5.60284e-05
6.29425e-05
0.000108957
8.98838e-05
8.08239e-05
9.32217e-05
0.000130892
5.50747e-05
5.50747e-05
4.29153e-05
4.1008e-05
0.000102997
4.1008e-05
4.79221e-05
6.00815e-05
5.00679e-05
4.79221e-05
4.79221e-05
5.6982e-05
4.19617e-05
4.50611e-05
6.91414e-05
9.10759e-05
4.69685e-05
5.60284e-05
4.50611e-05
3.98159e-05
6.19888e-05
4.29153e-05
8.79765e-05
9.08375e-05
5.6982e-05
0.000116825
4.1008e-05
0.000152826
0.000154972
7.70092e-05
0.000175953
0.000230789
6.19888e-05
8.41618e-05
7.98702e-05
9.98974e-05
0.00010705
0.000103951
0.000111818
0.000106096
6.48499e-05
7.20024e-05
6.10352e-05
0.000102043
0.000106096
7.29561e-05
7.70092e-05
0.000113964
6.60419e-05
6.38962e-05
6.79493e-05
6.60419e-05
6.91414e-05
0.000100136
0.000104904
0.000138044
4.69685e-05
4.88758e-05
7.20024e-05
6.48499e-05
7.29561e-05
5.6982e-05
5.60284e-05
6.50883e-05
8.08239e-05
9.10759e-05
0.000102043
0.000109911
0.000129938
8.70228e-05
0.00014782
0.000105858
8.01086e-05
8.4877e-05
5.50747e-05
7.10487e-05
6.29425e-05
6.38962e-05
7.70092e-05
9.5129e-05
4.31538e-05
4.88758e-05
4.69685e-05
5.19753e-05
3.98159e-05
4.41074e-05
5.00679e-05
8.39233e-05
4.60148e-05
4.1008e-05
5.31673e-05
4.29153e-05
4.79221e-05
5.00679e-05
6.60419e-05
8.10623e-05
4.22001e-05
6.29425e-05
5.31673e-05
4.31538e-05
6.07967e-05
7.20024e-05
6.50883e-05
7.29561e-05
6.8903e-05
7.10487e-05
0.000115156
0.000121117
0.000126123
9.39369e-05
0.000158072
0.000128984
7.70092e-05
5.6982e-05
8.89301e-05
6.98566e-05
8.2016e-05
0.000130892
9.39369e-05
0.000102997
4.1008e-05
4.3869e-05
9.29832e-05
0.000101805
0.00010705
6.41346e-05
9.10759e-05
9.91821e-05
8.70228e-05
8.70228e-05
9.89437e-05
5.31673e-05
6.60419e-05
8.17776e-05
9.39369e-05
0.000100136
8.2016e-05
6.38962e-05
7.10487e-05
7.29561e-05
8.10623e-05
9.799e-05
9.60827e-05
0.000100136
6.58035e-05
8.2016e-05
6.50883e-05
9.60827e-05
8.60691e-05
0.000102043
0.00014782
0.000183821
6.38962e-05
6.50883e-05
8.41618e-05
0.000120878
0.000109911
0.000124216
0.000185966
0.000159025
8.67844e-05
5.00679e-05
7.51019e-05
6.58035e-05
7.39098e-05
5.19753e-05
5.60284e-05
6.60419e-05
6.69956e-05
0.000118017
7.70092e-05
9.60827e-05
6.19888e-05
7.00951e-05
9.98974e-05
0.000111103
6.19888e-05
8.60691e-05
6.50883e-05
6.60419e-05
6.79493e-05
7.39098e-05
9.799e-05
9.799e-05
8.29697e-05
4.69685e-05
0.000134945
0.000134945
0.00011301
0.000149965
0.000164032
0.000192881
6.10352e-05
5.4121e-05
4.81606e-05
9.60827e-05
4.69685e-05
8.79765e-05
5.48363e-05
0.00011611
4.1008e-05
6.19888e-05
5.6982e-05
6.00815e-05
6.29425e-05
3.50475e-05
4.98295e-05
8.2016e-05
4.41074e-05
8.70228e-05
7.00951e-05
6.91414e-05
4.79221e-05
4.60148e-05
4.88758e-05
6.00815e-05
6.8903e-05
6.19888e-05
6.79493e-05
6.10352e-05
4.60148e-05
4.60148e-05
4.29153e-05
4.60148e-05
5.31673e-05
9.08375e-05
0.000101089
0.000104904
8.2016e-05
0.000100851
0.000160933
0.0001688
8.01086e-05
4.98295e-05
7.00951e-05
0.000113964
7.31945e-05
9.39369e-05
7.89165e-05
0.000156164
5.48363e-05
5.10216e-05
7.79629e-05
6.58035e-05
6.29425e-05
7.41482e-05
6.98566e-05
9.10759e-05
6.29425e-05
6.79493e-05
6.48499e-05
4.60148e-05
7.00951e-05
6.19888e-05
8.01086e-05
9.29832e-05
8.39233e-05
8.58307e-05
8.51154e-05
4.1008e-05
5.81741e-05
8.41618e-05
6.19888e-05
7.20024e-05
5.98431e-05
7.60555e-05
0.000109911
6.50883e-05
8.29697e-05
0.000154972
0.000163078
0.000161886
8.08239e-05
7.48634e-05
5.48363e-05
0.000109911
0.000100136
9.20296e-05
0.000159025
0.000102043
5.60284e-05
6.29425e-05
6.81877e-05
5.88894e-05
6.79493e-05
9.10759e-05
9.39369e-05
0.000127077
6.7234e-05
4.69685e-05
5.50747e-05
4.1008e-05
5.19753e-05
0.000102043
0.000119209
9.799e-05
4.31538e-05
7.00951e-05
4.19617e-05
5.4121e-05
6.38962e-05
5.88894e-05
6.91414e-05
9.89437e-05
6.10352e-05
6.98566e-05
4.69685e-05
0.000104189
0.000118971
7.82013e-05
0.000138998
0.000151157
5.79357e-05
4.31538e-05
9.98974e-05
8.39233e-05
8.01086e-05
0.00011301
0.000124216
0.000152111
4.69685e-05
5.00679e-05
5.29289e-05
8.2016e-05
4.69685e-05
4.50611e-05
6.48499e-05
8.4877e-05
4.1008e-05
5.6982e-05
5.91278e-05
4.1008e-05
5.6982e-05
4.00543e-05
4.69685e-05
6.79493e-05
9.39369e-05
9.39369e-05
6.10352e-05
8.91685e-05
4.3869e-05
4.31538e-05
4.69685e-05
5.29289e-05
6.22272e-05
6.41346e-05
7.31945e-05
4.79221e-05
6.19888e-05
0.000121832
0.000144005
0.000190973
5.72205e-05
4.60148e-05
0.000121832
9.70364e-05
9.29832e-05
0.00011611
8.89301e-05
0.000135899
6.60419e-05
4.88758e-05
5.6982e-05
5.6982e-05
6.07967e-05
8.79765e-05
9.60827e-05
0.000127077
6.41346e-05
4.1008e-05
4.88758e-05
6.50883e-05
6.98566e-05
5.88894e-05
5.88894e-05
7.10487e-05
8.29697e-05
7.10487e-05
6.69956e-05
9.39369e-05
6.79493e-05
7.00951e-05
6.81877e-05
7.82013e-05
5.48363e-05
4.69685e-05
0.000119925
0.000128031
0.0001719
0.000146866
0.000111818
0.000222921
6.69956e-05
5.79357e-05
5.79357e-05
7.9155e-05
8.41618e-05
0.00013113
8.39233e-05
9.98974e-05
5.00679e-05
8.08239e-05
5.19753e-05
5.6982e-05
6.91414e-05
9.70364e-05
9.91821e-05
0.000111818
4.60148e-05
4.31538e-05
5.6982e-05
4.50611e-05
7.29561e-05
4.69685e-05
6.60419e-05
6.79493e-05
4.60148e-05
5.10216e-05
6.91414e-05
8.01086e-05
6.50883e-05
3.79086e-05
4.88758e-05
6.60419e-05
5.88894e-05
7.08103e-05
7.20024e-05
8.29697e-05
9.799e-05
7.70092e-05
0.000151873
9.01222e-05
8.10623e-05
0.000103951
7.60555e-05
7.82013e-05
7.89165e-05
9.41753e-05
8.79765e-05
0.000118017
4.1008e-05
5.38826e-05
9.70364e-05
5.19753e-05
4.29153e-05
7.08103e-05
6.8903e-05
7.20024e-05
5.50747e-05
6.38962e-05
4.50611e-05
4.81606e-05
6.91414e-05
6.29425e-05
6.60419e-05
8.89301e-05
7.29561e-05
6.79493e-05
6.69956e-05
5.00679e-05
8.70228e-05
5.31673e-05
4.91142e-05
8.01086e-05
6.91414e-05
7.70092e-05
9.799e-05
0.000143051
9.799e-05
0.000157833
0.000143051
0.000117779
6.50883e-05
8.79765e-05
5.60284e-05
7.39098e-05
6.31809e-05
8.89301e-05
0.000102043
9.70364e-05
9.20296e-05
4.50611e-05
4.31538e-05
4.60148e-05
7.79629e-05
4.31538e-05
4.79221e-05
5.60284e-05
4.50611e-05
5.19753e-05
5.00679e-05
4.19617e-05
4.3869e-05
3.50475e-05
4.79221e-05
5.07832e-05
5.19753e-05
4.31538e-05
7.00951e-05
5.31673e-05
4.60148e-05
4.41074e-05
5.79357e-05
7.10487e-05
7.9155e-05
4.69685e-05
0.00011301
0.000135899
0.000144958
0.000153065
9.799e-05
0.000168085
8.2016e-05
6.79493e-05
5.50747e-05
0.000114918
5.50747e-05
4.3869e-05
8.98838e-05
9.39369e-05
5.00679e-05
6.79493e-05
3.91006e-05
4.60148e-05
6.8903e-05
7.20024e-05
6.38962e-05
7.10487e-05
5.79357e-05
8.08239e-05
8.39233e-05
4.50611e-05
4.07696e-05
4.88758e-05
5.10216e-05
7.20024e-05
6.60419e-05
4.29153e-05
6.69956e-05
4.00543e-05
4.60148e-05
7.00951e-05
7.00951e-05
8.70228e-05
5.50747e-05
8.2016e-05
9.41753e-05
7.29561e-05
0.000141144
0.000162125
0.000163078
0.000128031
6.10352e-05
6.19888e-05
7.79629e-05
7.20024e-05
8.51154e-05
8.70228e-05
0.000105143
0.000133991
3.50475e-05
4.60148e-05
5.60284e-05
4.60148e-05
6.60419e-05
4.1008e-05
4.3869e-05
4.88758e-05
5.19753e-05
6.10352e-05
5.29289e-05
4.91142e-05
6.00815e-05
6.00815e-05
4.19617e-05
4.60148e-05
4.48227e-05
4.19617e-05
8.79765e-05
6.58035e-05
6.8903e-05
7.31945e-05
7.89165e-05
9.60827e-05
7.10487e-05
0.000104189
0.000111818
0.000114918
0.000133038
8.29697e-05
7.10487e-05
0.000162125
8.17776e-05
7.51019e-05
9.29832e-05
0.000141144
0.000102997
0.000128984
0.000150919
0.000142813
5.50747e-05
6.79493e-05
7.79629e-05
8.10623e-05
8.41618e-05
4.29153e-05
4.88758e-05
7.89165e-05
7.51019e-05
8.91685e-05
0.000105858
7.20024e-05
4.19617e-05
5.60284e-05
7.00951e-05
6.41346e-05
6.48499e-05
6.50883e-05
7.10487e-05
4.69685e-05
7.79629e-05
4.1008e-05
6.91414e-05
7.79629e-05
4.91142e-05
0.000104904
0.000112057
6.58035e-05
0.000123024
0.000117064
0.000160933
0.00018096
5.60284e-05
5.00679e-05
0.000102997
4.29153e-05
7.9155e-05
0.000102043
6.60419e-05
0.000108004
5.00679e-05
7.08103e-05
8.70228e-05
4.79221e-05
6.91414e-05
5.50747e-05
7.29561e-05
9.29832e-05
5.79357e-05
7.10487e-05
6.38962e-05
4.00543e-05
7.41482e-05
4.60148e-05
6.41346e-05
6.69956e-05
8.01086e-05
9.48906e-05
8.51154e-05
6.48499e-05
8.98838e-05
5.48363e-05
6.41346e-05
7.60555e-05
6.29425e-05
7.70092e-05
0.000142097
5.4121e-05
0.00016284
0.000169039
0.000176907
0.000113964
7.67708e-05
5.88894e-05
0.000120163
8.79765e-05
0.000149965
0.000128031
0.000136137
0.000154972
6.38962e-05
6.69956e-05
4.31538e-05
5.29289e-05
5.4121e-05
5.6982e-05
7.20024e-05
9.58443e-05
6.60419e-05
4.50611e-05
5.19753e-05
4.50611e-05
6.79493e-05
4.50611e-05
5.6982e-05
0.000104904
5.6982e-05
4.88758e-05
8.32081e-05
4.1008e-05
7.10487e-05
9.799e-05
0.000102043
0.000143051
7.20024e-05
8.2016e-05
8.58307e-05
9.20296e-05
4.98295e-05
5.6982e-05
0.000159979
0.000190973
6.29425e-05
8.39233e-05
4.91142e-05
7.98702e-05
7.70092e-05
7.41482e-05
9.91821e-05
0.000133991
6.79493e-05
8.79765e-05
0.000120163
5.10216e-05
7.29561e-05
6.50883e-05
7.39098e-05
9.08375e-05
8.79765e-05
7.08103e-05
8.70228e-05
9.60827e-05
6.91414e-05
5.79357e-05
7.00951e-05
9.32217e-05
4.50611e-05
6.41346e-05
5.6982e-05
4.69685e-05
6.48499e-05
4.41074e-05
4.91142e-05
5.38826e-05
0.000103951
0.000120163
5.60284e-05
0.000128031
0.000128031
0.000144005
7.98702e-05
0.000165224
6.19888e-05
9.01222e-05
5.60284e-05
7.29561e-05
7.98702e-05
7.89165e-05
9.799e-05
7.79629e-05
4.50611e-05
5.88894e-05
4.91142e-05
4.91142e-05
5.81741e-05
5.50747e-05
6.69956e-05
8.60691e-05
8.29697e-05
6.41346e-05
6.58035e-05
4.19617e-05
5.10216e-05
4.60148e-05
4.81606e-05
5.29289e-05
6.38962e-05
7.29561e-05
6.29425e-05
6.81877e-05
5.6982e-05
4.50611e-05
4.50611e-05
0.000130892
5.79357e-05
6.10352e-05
7.79629e-05
7.79629e-05
0.000116825
0.000124216
6.00815e-05
4.88758e-05
5.48363e-05
6.29425e-05
5.50747e-05
8.01086e-05
0.00011611
0.000108004
0.000152111
0.000120878
5.00679e-05
6.41346e-05
6.19888e-05
9.08375e-05
7.60555e-05
8.98838e-05
9.39369e-05
0.000123978
4.00543e-05
4.91142e-05
6.41346e-05
6.60419e-05
6.19888e-05
5.19753e-05
4.48227e-05
5.48363e-05
7.00951e-05
4.29153e-05
4.79221e-05
6.50883e-05
5.19753e-05
4.3869e-05
5.4121e-05
5.79357e-05
6.10352e-05
7.79629e-05
8.79765e-05
0.00011301
0.000125885
0.00013113
6.10352e-05
0.000134945
7.20024e-05
9.01222e-05
5.72205e-05
4.88758e-05
6.48499e-05
9.29832e-05
0.000120878
0.00011611
5.29289e-05
4.00543e-05
4.3869e-05
5.38826e-05
6.41346e-05
4.79221e-05
5.48363e-05
5.60284e-05
5.91278e-05
6.98566e-05
0.000100851
6.60419e-05
5.29289e-05
4.1008e-05
4.1008e-05
6.60419e-05
5.60284e-05
4.69685e-05
6.98566e-05
6.69956e-05
5.60284e-05
4.69685e-05
4.50611e-05
5.4121e-05
5.98431e-05
4.60148e-05
0.000118971
6.79493e-05
6.41346e-05
0.000138044
0.00016284
0.000163078
6.00815e-05
5.22137e-05
6.10352e-05
0.000108004
7.31945e-05
9.08375e-05
9.89437e-05
0.000111818
4.69685e-05
4.69685e-05
5.38826e-05
7.00951e-05
7.20024e-05
6.10352e-05
6.50883e-05
7.51019e-05
4.60148e-05
5.10216e-05
6.79493e-05
4.3869e-05
5.6982e-05
6.69956e-05
8.29697e-05
8.51154e-05
7.20024e-05
7.00951e-05
6.91414e-05
7.29561e-05
9.10759e-05
5.19753e-05
3.69549e-05
7.20024e-05
6.79493e-05
7.51019e-05
0.000126123
0.000101089
8.51154e-05
9.5129e-05
0.000159979
0.000184059
5.6982e-05
4.3869e-05
6.10352e-05
6.50883e-05
0.000104189
7.79629e-05
0.00011301
0.000130177
4.50611e-05
4.69685e-05
4.69685e-05
5.38826e-05
6.38962e-05
6.48499e-05
7.00951e-05
8.82149e-05
7.60555e-05
9.29832e-05
6.41346e-05
5.60284e-05
6.50883e-05
5.91278e-05
6.69956e-05
8.39233e-05
6.58035e-05
4.50611e-05
4.60148e-05
4.50611e-05
6.19888e-05
3.69549e-05
5.10216e-05
4.41074e-05
8.79765e-05
5.19753e-05
0.000104904
0.000108004
0.000123024
0.000133991
0.000155926
0.000106096
7.70092e-05
6.19888e-05
7.58171e-05
9.70364e-05
7.31945e-05
6.79493e-05
0.000143051
0.000128984
6.00815e-05
6.00815e-05
6.98566e-05
7.10487e-05
8.89301e-05
4.88758e-05
5.19753e-05
5.4121e-05
8.82149e-05
8.70228e-05
8.58307e-05
9.20296e-05
9.799e-05
6.8903e-05
6.8903e-05
8.89301e-05
7.20024e-05
9.89437e-05
0.000130177
6.29425e-05
6.81877e-05
5.6982e-05
6.91414e-05
9.20296e-05
0.000102997
6.38962e-05
0.000118017
0.000128031
0.000129938
0.000135899
7.98702e-05
0.000151157
5.98431e-05
5.72205e-05
9.89437e-05
7.29561e-05
0.000100136
9.91821e-05
0.000113964
0.000112057
5.00679e-05
4.19617e-05
5.10216e-05
5.60284e-05
6.60419e-05
9.29832e-05
8.41618e-05
0.000109196
8.79765e-05
7.20024e-05
8.89301e-05
4.29153e-05
5.6982e-05
7.60555e-05
8.29697e-05
9.01222e-05
6.41346e-05
6.79493e-05
4.19617e-05
5.29289e-05
6.91414e-05
4.98295e-05
6.8903e-05
8.39233e-05
6.79493e-05
7.20024e-05
9.29832e-05
6.19888e-05
0.000144005
0.000162125
0.00018096
0.000144958
8.91685e-05
6.69956e-05
5.6982e-05
9.48906e-05
0.000115156
0.0001688
0.000136137
0.000157118
4.81606e-05
4.69685e-05
4.69685e-05
6.31809e-05
4.81606e-05
5.19753e-05
7.41482e-05
9.58443e-05
6.79493e-05
7.08103e-05
4.88758e-05
0.000239134
0.000133038
5.38826e-05
6.8903e-05
8.39233e-05
8.01086e-05
9.20296e-05
5.60284e-05
5.79357e-05
4.19617e-05
6.19888e-05
6.79493e-05
8.70228e-05
5.00679e-05
5.91278e-05
6.38962e-05
9.29832e-05
9.98974e-05
5.6982e-05
0.000123024
4.50611e-05
4.69685e-05
8.32081e-05
0.000102043
8.29697e-05
7.51019e-05
9.70364e-05
0.000103951
0.000132084
8.60691e-05
5.98431e-05
7.41482e-05
9.39369e-05
6.60419e-05
9.41753e-05
9.89437e-05
0.000109911
4.50611e-05
6.00815e-05
4.41074e-05
7.39098e-05
9.17912e-05
7.70092e-05
8.60691e-05
0.000119209
6.10352e-05
7.20024e-05
6.50883e-05
6.79493e-05
6.10352e-05
6.60419e-05
7.98702e-05
8.10623e-05
5.57899e-05
5.50747e-05
6.19888e-05
8.60691e-05
4.19617e-05
0.000119925
9.10759e-05
0.000174999
6.38962e-05
5.60284e-05
5.19753e-05
9.08375e-05
7.29561e-05
5.88894e-05
0.000100136
0.000102043
4.91142e-05
7.39098e-05
4.60148e-05
5.50747e-05
7.82013e-05
7.48634e-05
7.79629e-05
0.000123024
5.19753e-05
4.72069e-05
8.51154e-05
7.00951e-05
8.79765e-05
6.19888e-05
7.51019e-05
8.89301e-05
4.69685e-05
7.89165e-05
3.98159e-05
4.69685e-05
5.19753e-05
4.19617e-05
9.60827e-05
9.799e-05
5.6982e-05
6.79493e-05
4.69685e-05
9.67979e-05
5.6982e-05
0.000117064
0.000121832
0.000100136
5.79357e-05
3.91006e-05
4.69685e-05
0.00010705
8.58307e-05
9.799e-05
0.000110149
0.000128984
9.10759e-05
9.48906e-05
4.50611e-05
6.69956e-05
7.08103e-05
8.39233e-05
8.29697e-05
0.000102997
6.8903e-05
7.29561e-05
7.70092e-05
4.48227e-05
5.00679e-05
3.91006e-05
4.98295e-05
6.19888e-05
6.98566e-05
6.8903e-05
3.91006e-05
6.91414e-05
8.29697e-05
8.89301e-05
9.60827e-05
0.000128031
5.6982e-05
7.9155e-05
9.60827e-05
0.000111103
6.60419e-05
8.2016e-05
0.000137806
0.000181913
5.91278e-05
0.000114918
8.2016e-05
9.70364e-05
8.79765e-05
0.000124931
0.000133038
0.00011301
5.10216e-05
7.60555e-05
4.60148e-05
6.69956e-05
6.98566e-05
4.29153e-05
4.41074e-05
6.00815e-05
4.50611e-05
9.39369e-05
0.000103951
4.69685e-05
7.00951e-05
5.60284e-05
6.19888e-05
9.10759e-05
4.81606e-05
6.91414e-05
6.79493e-05
4.29153e-05
4.69685e-05
4.91142e-05
4.98295e-05
8.91685e-05
0.000105143
4.41074e-05
0.000108957
0.000117064
0.000124931
0.000157833
0.000202894
0.000174046
7.48634e-05
6.98566e-05
8.98838e-05
0.00010705
0.000137091
0.000108004
0.000108004
0.000106096
6.8903e-05
5.19753e-05
4.19617e-05
6.31809e-05
6.60419e-05
8.29697e-05
8.51154e-05
0.000108957
4.69685e-05
4.1008e-05
7.70092e-05
7.10487e-05
9.10759e-05
4.41074e-05
4.60148e-05
6.00815e-05
6.60419e-05
6.69956e-05
4.41074e-05
6.60419e-05
6.60419e-05
6.19888e-05
7.70092e-05
8.10623e-05
5.88894e-05
7.29561e-05
4.79221e-05
0.000106096
0.000126839
0.000129938
9.799e-05
0.000185013
4.98295e-05
5.29289e-05
7.29561e-05
3.91006e-05
4.81606e-05
6.10352e-05
9.39369e-05
0.000128984
5.29289e-05
4.19617e-05
7.00951e-05
7.60555e-05
6.00815e-05
5.6982e-05
7.41482e-05
0.000102997
4.29153e-05
8.67844e-05
6.29425e-05
6.8903e-05
8.29697e-05
7.79629e-05
7.9155e-05
8.60691e-05
7.41482e-05
6.38962e-05
6.69956e-05
7.89165e-05
7.10487e-05
5.10216e-05
9.58443e-05
0.000117064
5.60284e-05
5.98431e-05
6.79493e-05
8.32081e-05
8.4877e-05
6.38962e-05
5.6982e-05
0.000156879
5.60284e-05
7.39098e-05
7.20024e-05
6.50883e-05
6.48499e-05
8.70228e-05
0.000103235
0.000124931
7.29561e-05
7.29561e-05
4.79221e-05
6.50883e-05
8.2016e-05
5.79357e-05
7.00951e-05
9.01222e-05
4.88758e-05
5.38826e-05
4.50611e-05
7.10487e-05
5.50747e-05
7.60555e-05
7.79629e-05
9.29832e-05
6.41346e-05
8.4877e-05
5.00679e-05
5.88894e-05
8.29697e-05
4.19617e-05
4.50611e-05
4.60148e-05
7.98702e-05
4.98295e-05
0.000127792
0.000128031
0.000144005
0.000108957
0.000155926
0.000200987
7.79629e-05
8.08239e-05
9.89437e-05
8.08239e-05
0.000133991
0.000116825
0.000150919
0.00015378
6.79493e-05
6.19888e-05
8.10623e-05
8.89301e-05
7.48634e-05
5.60284e-05
7.20024e-05
9.89437e-05
4.1008e-05
7.10487e-05
5.50747e-05
4.3869e-05
5.29289e-05
4.1008e-05
4.79221e-05
5.10216e-05
4.79221e-05
4.69685e-05
4.19617e-05
5.10216e-05
4.1008e-05
6.48499e-05
5.88894e-05
7.51019e-05
5.29289e-05
7.60555e-05
0.000106812
0.00011301
0.000114918
0.000123024
8.2016e-05
8.29697e-05
5.60284e-05
9.29832e-05
0.000101089
6.41346e-05
5.10216e-05
8.10623e-05
0.000115871
0.00011301
5.50747e-05
5.38826e-05
4.48227e-05
4.98295e-05
5.6982e-05
5.00679e-05
8.60691e-05
7.82013e-05
5.60284e-05
5.79357e-05
7.58171e-05
4.69685e-05
6.69956e-05
9.58443e-05
0.000113964
9.89437e-05
6.79493e-05
4.60148e-05
4.79221e-05
6.48499e-05
5.48363e-05
7.08103e-05
8.89301e-05
9.89437e-05
7.58171e-05
9.20296e-05
5.10216e-05
0.000120878
0.000123978
0.000128031
0.000145912
0.000128031
4.19617e-05
8.39233e-05
8.98838e-05
5.50747e-05
7.79629e-05
0.000101089
9.67979e-05
0.000128031
5.19753e-05
6.19888e-05
4.88758e-05
6.98566e-05
8.10623e-05
4.79221e-05
5.57899e-05
7.98702e-05
4.69685e-05
6.29425e-05
8.60691e-05
5.50747e-05
5.19753e-05
4.60148e-05
4.3869e-05
4.60148e-05
6.91414e-05
5.31673e-05
4.41074e-05
5.72205e-05
6.50883e-05
4.60148e-05
6.29425e-05
6.38962e-05
6.29425e-05
7.31945e-05
8.29697e-05
9.20296e-05
0.000190973
0.000159025
0.000210047
0.000203133
5.88894e-05
6.69956e-05
5.79357e-05
0.000118017
7.70092e-05
7.79629e-05
0.000114918
0.000139952
7.10487e-05
6.50883e-05
5.19753e-05
9.48906e-05
0.00011301
4.50611e-05
4.41074e-05
5.4121e-05
6.79493e-05
6.91414e-05
9.70364e-05
8.2016e-05
4.19617e-05
4.91142e-05
6.10352e-05
7.60555e-05
4.69685e-05
5.10216e-05
5.00679e-05
4.29153e-05
4.69685e-05
4.19617e-05
4.50611e-05
5.60284e-05
5.19753e-05
6.10352e-05
8.79765e-05
9.20296e-05
3.98159e-05
5.4121e-05
0.000109911
0.000155926
6.19888e-05
4.50611e-05
7.60555e-05
8.70228e-05
9.70364e-05
0.000103951
0.000144958
0.000123024
4.79221e-05
5.29289e-05
7.29561e-05
5.6982e-05
7.10487e-05
0.000133991
8.2016e-05
9.89437e-05
4.79221e-05
4.60148e-05
5.98431e-05
6.60419e-05
7.9155e-05
5.60284e-05
8.60691e-05
0.000102043
6.50883e-05
7.10487e-05
6.79493e-05
6.60419e-05
6.69956e-05
5.00679e-05
6.79493e-05
8.79765e-05
5.38826e-05
7.58171e-05
7.79629e-05
0.000102997
0.000117064
0.000108004
0.000157118
0.000128984
7.10487e-05
7.60555e-05
6.50883e-05
8.01086e-05
9.5129e-05
0.000115871
0.000106096
0.000108004
6.10352e-05
4.41074e-05
6.10352e-05
6.41346e-05
7.29561e-05
4.19617e-05
7.31945e-05
9.10759e-05
5.79357e-05
7.48634e-05
9.91821e-05
6.48499e-05
7.08103e-05
7.51019e-05
8.29697e-05
0.000101089
5.19753e-05
5.10216e-05
6.60419e-05
6.69956e-05
6.98566e-05
6.50883e-05
6.79493e-05
8.4877e-05
5.19753e-05
6.10352e-05
8.39233e-05
9.20296e-05
5.19753e-05
5.10216e-05
9.29832e-05
0.000138998
6.60419e-05
7.29561e-05
7.70092e-05
7.20024e-05
5.29289e-05
7.70092e-05
0.000113964
0.000140905
9.98974e-05
6.69956e-05
7.39098e-05
9.60827e-05
9.10759e-05
6.60419e-05
8.4877e-05
8.79765e-05
4.60148e-05
5.00679e-05
4.1008e-05
5.19753e-05
6.41346e-05
4.79221e-05
6.29425e-05
6.38962e-05
8.2016e-05
6.41346e-05
6.69956e-05
8.91685e-05
4.1008e-05
5.79357e-05
5.4121e-05
7.20024e-05
5.60284e-05
6.58035e-05
6.91414e-05
8.4877e-05
4.91142e-05
0.000144958
0.000145912
0.000157118
7.60555e-05
5.10216e-05
5.6982e-05
9.70364e-05
0.000112057
9.799e-05
0.000158072
0.000114918
5.98431e-05
6.69956e-05
8.2016e-05
8.70228e-05
0.000128984
6.19888e-05
7.51019e-05
7.82013e-05
8.32081e-05
9.01222e-05
6.98566e-05
7.51019e-05
4.29153e-05
4.3869e-05
4.69685e-05
8.41618e-05
6.31809e-05
7.29561e-05
6.50883e-05
9.39369e-05
6.29425e-05
5.10216e-05
6.69956e-05
7.79629e-05
6.19888e-05
8.32081e-05
0.000105143
0.00010705
5.6982e-05
7.00951e-05
0.000142813
0.000152826
8.08239e-05
9.39369e-05
7.70092e-05
9.799e-05
9.98974e-05
0.000126123
0.000118971
0.000188828
4.31538e-05
5.29289e-05
4.98295e-05
4.3869e-05
6.8903e-05
0.000111103
7.89165e-05
9.799e-05
4.3869e-05
4.29153e-05
5.29289e-05
6.29425e-05
6.69956e-05
4.79221e-05
7.20024e-05
9.20296e-05
4.29153e-05
7.60555e-05
5.00679e-05
6.79493e-05
7.82013e-05
9.60827e-05
0.000134945
0.000138044
8.58307e-05
8.29697e-05
0.000128031
0.000132799
8.82149e-05
0.000149965
0.000146866
7.20024e-05
7.41482e-05
6.60419e-05
5.91278e-05
8.89301e-05
0.000118017
8.10623e-05
8.89301e-05
0.000110865
6.8903e-05
4.00543e-05
4.88758e-05
7.60555e-05
6.60419e-05
5.4121e-05
6.60419e-05
7.79629e-05
6.29425e-05
6.91414e-05
8.60691e-05
4.91142e-05
6.60419e-05
4.72069e-05
7.48634e-05
8.29697e-05
7.39098e-05
6.69956e-05
4.29153e-05
4.69685e-05
6.8903e-05
4.48227e-05
5.98431e-05
0.000101089
7.60555e-05
8.89301e-05
4.98295e-05
0.00011611
0.000124931
0.000121117
0.000144005
0.000178099
5.19753e-05
5.10216e-05
6.69956e-05
6.50883e-05
9.08375e-05
0.000135899
8.2016e-05
0.000110149
5.10216e-05
5.00679e-05
7.00951e-05
6.60419e-05
5.48363e-05
4.91142e-05
4.79221e-05
5.6982e-05
6.41346e-05
4.69685e-05
4.50611e-05
5.19753e-05
4.60148e-05
5.19753e-05
9.20296e-05
0.000121117
5.38826e-05
6.48499e-05
4.79221e-05
3.91006e-05
7.39098e-05
5.10216e-05
5.29289e-05
5.4121e-05
8.60691e-05
9.799e-05
9.98974e-05
0.00010705
0.00010705
0.000128031
4.00543e-05
0.000142097
5.6982e-05
4.29153e-05
0.000106096
0.000115156
0.00010705
0.000101089
9.799e-05
8.79765e-05
4.3869e-05
5.22137e-05
4.50611e-05
4.79221e-05
6.10352e-05
4.19617e-05
4.69685e-05
4.88758e-05
6.8903e-05
4.3869e-05
6.60419e-05
8.2016e-05
4.29153e-05
4.19617e-05
4.29153e-05
5.19753e-05
6.69956e-05
5.38826e-05
5.50747e-05
5.10216e-05
8.79765e-05
6.8903e-05
7.60555e-05
8.51154e-05
5.10216e-05
5.98431e-05
6.29425e-05
4.79221e-05
0.000114202
0.000138998
8.89301e-05
0.000167847
6.31809e-05
5.19753e-05
5.60284e-05
7.20024e-05
0.000106096
8.60691e-05
7.70092e-05
0.000113964
4.60148e-05
5.19753e-05
5.10216e-05
5.88894e-05
6.50883e-05
5.48363e-05
5.50747e-05
7.10487e-05
4.81606e-05
4.41074e-05
6.91414e-05
6.60419e-05
7.29561e-05
8.79765e-05
9.58443e-05
0.000113964
4.00543e-05
4.98295e-05
6.91414e-05
8.60691e-05
9.5129e-05
8.79765e-05
9.29832e-05
0.000126839
6.31809e-05
9.20296e-05
0.000118017
0.000138998
0.000143051
6.8903e-05
0.000109911
0.000221014
8.17776e-05
9.98974e-05
9.01222e-05
7.60555e-05
9.799e-05
9.91821e-05
0.000113964
0.000117064
7.00951e-05
4.98295e-05
5.29289e-05
7.39098e-05
8.60691e-05
6.79493e-05
7.51019e-05
7.98702e-05
4.88758e-05
6.22272e-05
7.20024e-05
6.60419e-05
6.81877e-05
4.22001e-05
6.79493e-05
7.00951e-05
6.79493e-05
6.69956e-05
8.89301e-05
5.60284e-05
6.19888e-05
4.50611e-05
4.60148e-05
6.98566e-05
0.000102997
0.000132084
0.000110149
0.000157118
0.000157833
0.000168085
0.000126123
0.000197887
9.60827e-05
8.60691e-05
0.000126123
8.01086e-05
7.39098e-05
0.000101805
0.000123024
0.00013113
7.39098e-05
6.38962e-05
6.10352e-05
5.48363e-05
8.79765e-05
7.08103e-05
8.29697e-05
9.10759e-05
8.39233e-05
6.48499e-05
6.50883e-05
6.69956e-05
4.79221e-05
7.9155e-05
8.01086e-05
9.60827e-05
7.20024e-05
6.19888e-05
4.88758e-05
4.1008e-05
5.38826e-05
4.48227e-05
4.98295e-05
5.88894e-05
6.8903e-05
0.000213861
0.000102043
5.19753e-05
0.000110149
0.000130177
0.00013113
0.000159025
6.60419e-05
8.60691e-05
0.000118971
7.00951e-05
8.82149e-05
0.000184059
0.000143051
0.000149012
5.6982e-05
4.3869e-05
4.69685e-05
6.19888e-05
6.38962e-05
5.79357e-05
6.69956e-05
7.70092e-05
7.31945e-05
4.19617e-05
4.48227e-05
8.60691e-05
6.00815e-05
5.50747e-05
5.38826e-05
6.8903e-05
4.00543e-05
8.79765e-05
5.50747e-05
7.79629e-05
7.70092e-05
4.29153e-05
5.29289e-05
5.19753e-05
5.91278e-05
6.69956e-05
7.60555e-05
9.10759e-05
0.000112057
5.19753e-05
0.0001719
0.000195026
8.98838e-05
6.69956e-05
8.4877e-05
8.39233e-05
8.51154e-05
0.000146866
0.000108004
0.000198126
3.50475e-05
4.98295e-05
8.08239e-05
5.19753e-05
5.60284e-05
6.98566e-05
7.41482e-05
8.29697e-05
7.00951e-05
6.69956e-05
6.60419e-05
5.19753e-05
5.88894e-05
9.799e-05
0.000102997
0.000113964
4.50611e-05
5.19753e-05
5.4121e-05
9.01222e-05
0.000108957
5.50747e-05
4.81606e-05
5.19753e-05
6.41346e-05
7.70092e-05
0.000113964
8.29697e-05
0.000128031
0.000145912
0.000129938
0.000123978
5.98431e-05
9.799e-05
9.29832e-05
7.20024e-05
0.000154972
9.5129e-05
0.000102997
0.000138044
9.48906e-05
7.20024e-05
5.19753e-05
7.89165e-05
9.29832e-05
9.41753e-05
7.60555e-05
9.29832e-05
6.69956e-05
6.69956e-05
6.29425e-05
6.48499e-05
6.10352e-05
4.1008e-05
4.3869e-05
7.20024e-05
6.19888e-05
6.69956e-05
4.41074e-05
5.88894e-05
4.00543e-05
5.81741e-05
7.79629e-05
0.000118017
5.29289e-05
7.10487e-05
0.000108004
0.000112057
0.000114918
5.6982e-05
8.39233e-05
0.000189066
4.41074e-05
9.799e-05
4.22001e-05
7.70092e-05
0.000100136
9.89437e-05
7.31945e-05
0.000103951
6.19888e-05
5.29289e-05
5.57899e-05
8.79765e-05
6.41346e-05
5.79357e-05
7.31945e-05
9.29832e-05
5.19753e-05
5.29289e-05
7.00951e-05
4.00543e-05
7.00951e-05
5.91278e-05
8.89301e-05
0.00010705
6.31809e-05
7.51019e-05
6.58035e-05
4.1008e-05
8.4877e-05
5.29289e-05
6.19888e-05
7.70092e-05
8.29697e-05
8.39233e-05
8.98838e-05
6.10352e-05
0.000130892
0.000138044
0.000105143
0.000153065
9.89437e-05
7.29561e-05
7.79629e-05
8.39233e-05
0.000135899
9.70364e-05
9.20296e-05
9.60827e-05
6.60419e-05
6.69956e-05
4.1008e-05
3.69549e-05
8.08239e-05
0.000111103
0.000111818
0.000130892
5.19753e-05
4.41074e-05
6.19888e-05
6.91414e-05
9.41753e-05
6.31809e-05
7.20024e-05
9.29832e-05
8.79765e-05
9.67979e-05
9.01222e-05
6.19888e-05
9.17912e-05
5.79357e-05
6.19888e-05
7.41482e-05
4.88758e-05
8.51154e-05
0.000106096
6.91414e-05
0.000114918
0.000128031
0.000129938
7.39098e-05
6.19888e-05
0.000106096
6.10352e-05
0.00012517
0.000132084
0.00019598
0.000149012
0.00019598
6.10352e-05
8.01086e-05
7.31945e-05
8.67844e-05
9.70364e-05
5.10216e-05
7.29561e-05
8.91685e-05
6.38962e-05
7.20024e-05
0.000110865
6.50883e-05
5.6982e-05
8.29697e-05
0.000102997
0.000108004
4.88758e-05
6.79493e-05
7.00951e-05
4.81606e-05
8.01086e-05
8.60691e-05
9.08375e-05
0.000119925
6.19888e-05
6.48499e-05
8.29697e-05
5.60284e-05
0.000116825
8.79765e-05
0.000189781
0.000144958
6.19888e-05
5.88894e-05
6.91414e-05
7.70092e-05
7.00951e-05
0.000123024
9.20296e-05
0.000123978
4.60148e-05
3.91006e-05
4.50611e-05
4.60148e-05
4.41074e-05
4.3869e-05
5.29289e-05
6.8903e-05
9.70364e-05
8.89301e-05
6.69956e-05
5.98431e-05
5.88894e-05
5.29289e-05
4.60148e-05
5.60284e-05
6.58035e-05
8.60691e-05
7.10487e-05
4.19617e-05
4.69685e-05
4.19617e-05
4.50611e-05
6.41346e-05
6.60419e-05
9.48906e-05
9.70364e-05
0.000101805
0.000105143
6.50883e-05
0.000102997
0.00020504
5.31673e-05
6.29425e-05
7.29561e-05
6.29425e-05
0.000102997
9.10759e-05
9.20296e-05
0.000153065
5.29289e-05
4.31538e-05
5.88894e-05
8.2016e-05
4.50611e-05
8.01086e-05
8.39233e-05
0.000102997
5.10216e-05
5.31673e-05
5.50747e-05
4.69685e-05
5.79357e-05
4.48227e-05
9.20296e-05
9.39369e-05
6.60419e-05
8.91685e-05
6.29425e-05
5.19753e-05
6.29425e-05
5.10216e-05
6.31809e-05
6.19888e-05
9.58443e-05
0.000104904
0.000119209
0.000127077
0.000128984
0.000150919
9.60827e-05
6.79493e-05
6.60419e-05
0.000105143
7.89165e-05
7.79629e-05
8.58307e-05
0.000107765
0.000174046
0.000137091
6.19888e-05
6.69956e-05
4.41074e-05
4.79221e-05
8.29697e-05
5.50747e-05
4.50611e-05
9.91821e-05
5.98431e-05
5.19753e-05
6.69956e-05
8.60691e-05
4.60148e-05
5.98431e-05
6.8903e-05
8.17776e-05
6.38962e-05
4.1008e-05
6.79493e-05
6.41346e-05
4.60148e-05
4.72069e-05
5.91278e-05
8.70228e-05
8.70228e-05
0.000115156
0.000114918
8.17776e-05
0.000129938
6.19888e-05
0.000163078
9.10759e-05
5.19753e-05
6.19888e-05
4.81606e-05
6.79493e-05
4.69685e-05
8.32081e-05
0.000118017
0.000120163
5.6982e-05
4.41074e-05
5.19753e-05
5.29289e-05
9.799e-05
4.60148e-05
8.58307e-05
6.8903e-05
7.39098e-05
6.19888e-05
6.60419e-05
9.32217e-05
6.50883e-05
4.50611e-05
4.79221e-05
7.29561e-05
4.50611e-05
6.38962e-05
8.98838e-05
6.8903e-05
4.19617e-05
5.88894e-05
5.81741e-05
7.10487e-05
8.98838e-05
0.000127792
0.000129938
0.000143051
0.000148058
0.000102043
0.000167131
0.000135183
6.19888e-05
6.29425e-05
9.29832e-05
5.98431e-05
6.69956e-05
7.70092e-05
9.60827e-05
0.000125885
6.79493e-05
4.88758e-05
7.48634e-05
8.4877e-05
5.19753e-05
5.60284e-05
4.3869e-05
5.38826e-05
6.29425e-05
7.70092e-05
6.38962e-05
4.19617e-05
7.00951e-05
7.10487e-05
7.10487e-05
8.70228e-05
4.81606e-05
7.10487e-05
9.01222e-05
8.70228e-05
4.00543e-05
5.38826e-05
5.6982e-05
6.91414e-05
8.60691e-05
0.000102043
0.000114918
0.000140905
7.89165e-05
0.00016284
0.000180006
0.000218868
5.48363e-05
6.60419e-05
0.000110865
7.29561e-05
9.10759e-05
0.000114918
0.000182867
0.00015378
0.000101089
8.29697e-05
7.10487e-05
8.39233e-05
0.000105858
5.29289e-05
5.38826e-05
6.69956e-05
8.29697e-05
5.88894e-05
7.00951e-05
6.69956e-05
6.69956e-05
9.799e-05
0.000106096
0.00011301
4.60148e-05
4.88758e-05
5.38826e-05
6.60419e-05
5.48363e-05
3.60012e-05
5.48363e-05
6.48499e-05
6.8903e-05
6.31809e-05
4.3869e-05
5.29289e-05
0.000112057
0.000118971
0.000146151
0.000145912
5.88894e-05
7.41482e-05
5.38826e-05
7.70092e-05
6.8903e-05
7.29561e-05
0.000101089
0.000189066
5.10216e-05
5.48363e-05
5.91278e-05
6.50883e-05
8.4877e-05
4.60148e-05
6.50883e-05
8.29697e-05
6.79493e-05
7.00951e-05
9.20296e-05
6.69956e-05
4.29153e-05
4.98295e-05
5.4121e-05
6.29425e-05
4.50611e-05
9.08375e-05
6.10352e-05
4.48227e-05
6.00815e-05
4.50611e-05
7.20024e-05
0.000104904
4.98295e-05
5.60284e-05
6.10352e-05
9.89437e-05
4.60148e-05
0.000109911
8.60691e-05
0.0001688
5.6982e-05
5.10216e-05
5.6982e-05
8.58307e-05
8.01086e-05
0.000109911
0.000120878
0.000117064
8.01086e-05
5.79357e-05
5.6982e-05
7.08103e-05
6.69956e-05
4.91142e-05
4.79221e-05
8.51154e-05
7.20024e-05
8.60691e-05
8.79765e-05
4.31538e-05
5.31673e-05
7.20024e-05
7.41482e-05
0.000106812
5.29289e-05
5.60284e-05
6.81877e-05
4.69685e-05
5.29289e-05
7.10487e-05
7.39098e-05
9.20296e-05
5.50747e-05
6.00815e-05
7.48634e-05
0.00012517
0.000126839
0.000142097
0.000146866
0.000118017
0.00011301
9.48906e-05
0.000128984
8.2016e-05
9.41753e-05
5.91278e-05
9.89437e-05
0.000106096
4.79221e-05
5.60284e-05
4.19617e-05
4.79221e-05
6.07967e-05
5.50747e-05
5.79357e-05
7.60555e-05
4.41074e-05
4.91142e-05
5.00679e-05
4.19617e-05
5.4121e-05
4.98295e-05
5.29289e-05
6.29425e-05
4.19617e-05
5.48363e-05
4.60148e-05
5.29289e-05
6.69956e-05
4.88758e-05
6.31809e-05
8.01086e-05
6.79493e-05
7.82013e-05
7.89165e-05
9.17912e-05
4.60148e-05
0.000118971
7.41482e-05
0.000140905
6.19888e-05
8.60691e-05
8.4877e-05
6.81877e-05
8.79765e-05
0.000100136
0.000100136
9.98974e-05
4.72069e-05
6.98566e-05
4.60148e-05
5.4121e-05
5.00679e-05
4.41074e-05
5.60284e-05
9.39369e-05
4.50611e-05
5.4121e-05
8.2016e-05
5.00679e-05
8.51154e-05
9.60827e-05
9.70364e-05
0.000129938
7.79629e-05
6.41346e-05
8.51154e-05
4.69685e-05
5.29289e-05
4.50611e-05
5.29289e-05
6.00815e-05
6.00815e-05
0.000115156
6.48499e-05
0.000121117
0.000130892
0.00014019
0.000126123
9.39369e-05
8.79765e-05
8.79765e-05
9.98974e-05
0.000109911
0.000150919
0.000121117
0.000134945
0.000160933
4.48227e-05
7.51019e-05
7.79629e-05
9.60827e-05
5.38826e-05
7.29561e-05
7.29561e-05
8.98838e-05
7.39098e-05
9.20296e-05
4.41074e-05
5.4121e-05
9.01222e-05
0.000102043
0.000105858
9.60827e-05
6.69956e-05
4.31538e-05
6.81877e-05
6.19888e-05
6.69956e-05
5.10216e-05
6.8903e-05
7.20024e-05
6.10352e-05
7.39098e-05
5.50747e-05
9.01222e-05
9.58443e-05
6.29425e-05
0.000154972
0.000122786
7.82013e-05
5.57899e-05
8.79765e-05
6.91414e-05
6.48499e-05
0.000108004
0.000112057
0.00012207
5.07832e-05
7.60555e-05
7.20024e-05
0.000103951
7.29561e-05
8.70228e-05
8.39233e-05
9.98974e-05
4.00543e-05
6.69956e-05
4.19617e-05
9.08375e-05
6.79493e-05
4.91142e-05
5.79357e-05
8.2016e-05
5.88894e-05
8.39233e-05
8.70228e-05
4.31538e-05
7.10487e-05
4.41074e-05
4.88758e-05
7.51019e-05
5.81741e-05
6.79493e-05
7.10487e-05
8.79765e-05
8.58307e-05
4.69685e-05
9.98974e-05
7.10487e-05
6.50883e-05
6.8903e-05
9.10759e-05
4.00543e-05
6.60419e-05
6.19888e-05
8.08239e-05
8.29697e-05
4.91142e-05
4.1008e-05
4.31538e-05
7.70092e-05
5.00679e-05
4.31538e-05
4.79221e-05
7.79629e-05
6.69956e-05
6.10352e-05
6.60419e-05
8.29697e-05
4.22001e-05
4.60148e-05
7.89165e-05
9.98974e-05
4.91142e-05
4.41074e-05
4.69685e-05
7.10487e-05
6.48499e-05
0.000119925
0.000112057
0.000101089
6.00815e-05
6.19888e-05
0.000109911
5.10216e-05
4.79221e-05
0.000136137
0.000138998
0.000185013
4.91142e-05
6.91414e-05
5.50747e-05
6.48499e-05
5.48363e-05
6.79493e-05
8.41618e-05
7.29561e-05
3.79086e-05
4.48227e-05
4.57764e-05
5.98431e-05
7.20024e-05
5.10216e-05
6.91414e-05
9.48906e-05
6.41346e-05
7.20024e-05
7.58171e-05
4.29153e-05
5.4121e-05
4.69685e-05
4.57764e-05
6.41346e-05
4.50611e-05
5.4121e-05
4.50611e-05
4.60148e-05
6.91414e-05
8.82149e-05
9.20296e-05
0.00010705
4.79221e-05
6.29425e-05
6.69956e-05
7.20024e-05
4.1008e-05
8.39233e-05
4.69685e-05
0.000119925
6.00815e-05
8.29697e-05
0.000116825
9.60827e-05
8.89301e-05
9.29832e-05
9.91821e-05
9.70364e-05
5.10216e-05
4.79221e-05
5.4121e-05
5.60284e-05
6.98566e-05
4.60148e-05
4.41074e-05
9.89437e-05
7.10487e-05
6.79493e-05
9.799e-05
4.60148e-05
5.88894e-05
5.07832e-05
8.10623e-05
9.58443e-05
4.1008e-05
6.79493e-05
6.69956e-05
6.29425e-05
5.19753e-05
3.91006e-05
4.19617e-05
6.29425e-05
8.2016e-05
8.39233e-05
9.799e-05
0.000105143
5.81741e-05
0.000152111
0.000155926
0.000114918
5.88894e-05
7.48634e-05
5.00679e-05
6.98566e-05
6.29425e-05
8.39233e-05
8.39233e-05
0.000128031
6.60419e-05
4.41074e-05
7.98702e-05
8.89301e-05
7.29561e-05
4.3869e-05
4.79221e-05
8.79765e-05
4.1008e-05
5.29289e-05
6.60419e-05
6.98566e-05
6.50883e-05
4.60148e-05
6.10352e-05
7.51019e-05
4.98295e-05
4.3869e-05
4.60148e-05
4.19617e-05
5.10216e-05
5.4121e-05
4.79221e-05
4.91142e-05
6.10352e-05
8.98838e-05
0.000117064
0.000128031
0.000129938
0.000101805
0.000102043
0.000159979
5.88894e-05
6.48499e-05
5.19753e-05
0.00010705
8.70228e-05
8.41618e-05
0.000102043
9.39369e-05
4.60148e-05
5.19753e-05
4.1008e-05
5.07832e-05
7.67708e-05
8.60691e-05
8.51154e-05
0.000119925
5.6982e-05
4.29153e-05
4.88758e-05
5.6982e-05
8.89301e-05
7.20024e-05
7.29561e-05
7.9155e-05
8.60691e-05
9.10759e-05
4.00543e-05
8.58307e-05
7.10487e-05
6.81877e-05
5.38826e-05
7.89165e-05
7.31945e-05
7.79629e-05
8.01086e-05
9.20296e-05
0.000104189
0.000118017
5.10216e-05
0.000101089
5.79357e-05
5.98431e-05
0.000144005
0.00011611
0.000130177
0.000149012
0.000175953
0.000230074
6.29425e-05
4.19617e-05
7.39098e-05
9.70364e-05
0.000101089
5.38826e-05
5.60284e-05
6.19888e-05
6.29425e-05
5.10216e-05
4.31538e-05
5.60284e-05
6.81877e-05
8.29697e-05
8.29697e-05
0.000105858
5.29289e-05
6.60419e-05
6.38962e-05
4.41074e-05
8.2016e-05
5.19753e-05
4.29153e-05
5.19753e-05
5.98431e-05
9.67979e-05
0.000115156
0.000118017
5.19753e-05
0.000121117
0.000145912
0.000158072
4.29153e-05
7.29561e-05
4.60148e-05
0.000101089
0.000159025
0.00011611
0.000158072
0.000174046
6.19888e-05
6.60419e-05
5.6982e-05
6.38962e-05
7.51019e-05
4.00543e-05
4.50611e-05
4.81606e-05
5.10216e-05
5.19753e-05
4.1008e-05
5.19753e-05
6.19888e-05
4.29153e-05
4.60148e-05
4.69685e-05
4.79221e-05
4.1008e-05
5.07832e-05
7.51019e-05
9.20296e-05
7.10487e-05
7.20024e-05
9.29832e-05
6.8903e-05
9.29832e-05
0.000100851
5.88894e-05
0.000110865
8.17776e-05
0.000140905
9.29832e-05
8.41618e-05
7.29561e-05
0.00010705
7.60555e-05
0.000124931
0.000111818
0.000151157
0.000187874
6.29425e-05
5.00679e-05
6.50883e-05
6.79493e-05
9.39369e-05
4.60148e-05
5.50747e-05
7.20024e-05
4.29153e-05
4.79221e-05
4.98295e-05
5.38826e-05
4.19617e-05
4.48227e-05
4.60148e-05
7.39098e-05
6.38962e-05
8.70228e-05
6.91414e-05
4.19617e-05
4.3869e-05
4.00543e-05
4.72069e-05
7.9155e-05
7.29561e-05
9.98974e-05
0.000104904
5.22137e-05
0.000138998
0.000144005
0.000153065
0.000172138
5.19753e-05
8.58307e-05
9.799e-05
0.000123024
0.000111103
0.000117064
0.000156879
0.000138044
9.29832e-05
8.79765e-05
5.4121e-05
6.41346e-05
7.98702e-05
5.6982e-05
6.41346e-05
6.79493e-05
4.31538e-05
5.50747e-05
6.58035e-05
6.48499e-05
4.81606e-05
5.50747e-05
6.98566e-05
8.89301e-05
7.10487e-05
8.01086e-05
5.19753e-05
4.50611e-05
6.8903e-05
7.10487e-05
7.00951e-05
0.000112057
6.10352e-05
7.58171e-05
9.60827e-05
7.89165e-05
5.19753e-05
6.31809e-05
0.000133991
0.000108957
7.60555e-05
6.19888e-05
6.07967e-05
0.000118971
8.4877e-05
0.000105858
0.000118971
0.00010705
6.79493e-05
4.79221e-05
4.88758e-05
6.19888e-05
4.29153e-05
4.41074e-05
7.10487e-05
8.41618e-05
4.91142e-05
5.19753e-05
8.79765e-05
4.81606e-05
6.48499e-05
8.39233e-05
0.000102043
0.00010705
8.2016e-05
4.22001e-05
5.10216e-05
6.69956e-05
8.10623e-05
7.58171e-05
7.70092e-05
7.67708e-05
5.50747e-05
7.10487e-05
8.39233e-05
8.4877e-05
0.000101089
0.000101089
4.29153e-05
8.01086e-05
5.19753e-05
6.00815e-05
5.57899e-05
4.69685e-05
5.10216e-05
9.29832e-05
0.000109196
0.00011611
6.00815e-05
5.19753e-05
6.50883e-05
7.29561e-05
5.00679e-05
5.10216e-05
4.79221e-05
6.38962e-05
7.41482e-05
9.20296e-05
8.51154e-05
4.31538e-05
9.41753e-05
4.79221e-05
6.79493e-05
7.79629e-05
9.48906e-05
9.20296e-05
9.01222e-05
8.29697e-05
4.1008e-05
4.29153e-05
7.39098e-05
8.4877e-05
8.89301e-05
0.000127077
8.01086e-05
0.000143051
0.000153065
0.000152826
0.000112057
0.000182152
5.50747e-05
4.69685e-05
6.10352e-05
4.48227e-05
5.29289e-05
0.000174046
0.000130892
0.000150919
4.19617e-05
4.48227e-05
4.48227e-05
8.51154e-05
9.20296e-05
5.19753e-05
7.00951e-05
7.39098e-05
5.29289e-05
7.29561e-05
8.29697e-05
5.19753e-05
6.00815e-05
5.88894e-05
6.79493e-05
6.29425e-05
7.41482e-05
7.20024e-05
7.60555e-05
7.29561e-05
8.29697e-05
5.50747e-05
5.60284e-05
7.10487e-05
6.41346e-05
7.70092e-05
6.50883e-05
0.000101805
6.10352e-05
5.4121e-05
8.10623e-05
0.000127077
5.60284e-05
6.60419e-05
6.19888e-05
9.20296e-05
9.29832e-05
0.000110149
0.000114918
0.000158072
5.19753e-05
6.07967e-05
4.79221e-05
6.10352e-05
6.41346e-05
5.00679e-05
7.10487e-05
8.01086e-05
7.00951e-05
5.10216e-05
6.81877e-05
4.3869e-05
4.00543e-05
5.79357e-05
6.79493e-05
0.000128984
6.91414e-05
7.10487e-05
8.79765e-05
4.50611e-05
8.4877e-05
5.79357e-05
5.50747e-05
5.60284e-05
5.79357e-05
6.19888e-05
8.29697e-05
8.79765e-05
0.000142097
9.29832e-05
0.000142813
8.79765e-05
5.79357e-05
6.22272e-05
6.60419e-05
6.38962e-05
9.10759e-05
0.000117064
9.5129e-05
9.98974e-05
4.60148e-05
5.60284e-05
4.91142e-05
5.29289e-05
8.79765e-05
3.69549e-05
5.10216e-05
6.48499e-05
4.91142e-05
6.38962e-05
7.39098e-05
8.98838e-05
6.48499e-05
7.70092e-05
9.39369e-05
9.39369e-05
6.38962e-05
6.19888e-05
6.98566e-05
7.10487e-05
8.70228e-05
9.48906e-05
9.799e-05
0.000106096
0.000100851
0.000106812
0.000113964
9.98974e-05
9.60827e-05
0.000136137
6.69956e-05
0.000150919
7.51019e-05
3.8147e-05
5.4121e-05
0.000130177
9.70364e-05
0.000118017
0.00012207
0.000147104
5.60284e-05
6.10352e-05
4.81606e-05
6.69956e-05
6.50883e-05
4.50611e-05
7.10487e-05
9.01222e-05
4.57764e-05
5.00679e-05
4.31538e-05
6.79493e-05
8.4877e-05
6.31809e-05
5.50747e-05
6.69956e-05
4.79221e-05
6.31809e-05
6.58035e-05
7.29561e-05
4.48227e-05
4.3869e-05
5.88894e-05
8.98838e-05
6.69956e-05
8.29697e-05
0.000101805
5.6982e-05
5.50747e-05
0.000132084
0.000139952
0.00019908
6.69956e-05
4.41074e-05
9.89437e-05
5.6982e-05
7.29561e-05
6.00815e-05
7.29561e-05
7.79629e-05
4.50611e-05
5.60284e-05
6.69956e-05
7.20024e-05
7.10487e-05
4.3869e-05
4.79221e-05
7.20024e-05
5.60284e-05
8.39233e-05
4.98295e-05
6.8903e-05
4.1008e-05
4.98295e-05
6.10352e-05
6.50883e-05
6.29425e-05
4.1008e-05
5.22137e-05
4.60148e-05
4.00543e-05
4.81606e-05
5.10216e-05
8.98838e-05
0.000108004
0.000118017
0.000142097
0.000143051
0.000155926
0.000132084
0.000165939
0.000108004
7.48634e-05
6.38962e-05
5.79357e-05
4.72069e-05
0.000104189
6.79493e-05
7.29561e-05
7.41482e-05
4.50611e-05
4.79221e-05
6.91414e-05
8.82149e-05
7.20024e-05
5.48363e-05
6.19888e-05
0.000114918
4.29153e-05
4.60148e-05
4.29153e-05
5.22137e-05
5.19753e-05
5.60284e-05
6.00815e-05
7.79629e-05
7.58171e-05
9.17912e-05
6.60419e-05
4.1008e-05
6.69956e-05
4.29153e-05
7.70092e-05
7.98702e-05
6.60419e-05
6.69956e-05
0.000118971
8.08239e-05
6.38962e-05
0.000153065
0.000166893
0.000121117
5.10216e-05
6.91414e-05
0.000100851
4.50611e-05
0.000113964
0.000120163
0.000121117
0.000133991
7.29561e-05
6.19888e-05
4.88758e-05
6.60419e-05
4.88758e-05
8.70228e-05
9.98974e-05
0.000102997
6.19888e-05
8.29697e-05
6.31809e-05
6.69956e-05
4.81606e-05
5.19753e-05
6.91414e-05
8.91685e-05
6.79493e-05
7.10487e-05
6.10352e-05
6.50883e-05
9.10759e-05
6.69956e-05
6.79493e-05
8.10623e-05
7.70092e-05
8.4877e-05
8.70228e-05
0.000108957
0.000118017
8.51154e-05
8.2016e-05
0.000156879
6.60419e-05
7.70092e-05
6.29425e-05
7.10487e-05
4.60148e-05
6.41346e-05
7.48634e-05
0.000110865
5.19753e-05
4.79221e-05
5.19753e-05
5.4121e-05
4.88758e-05
0.000103951
0.000105143
0.000131845
4.19617e-05
4.50611e-05
5.10216e-05
5.19753e-05
8.29697e-05
4.60148e-05
6.91414e-05
7.89165e-05
4.98295e-05
4.69685e-05
6.50883e-05
4.29153e-05
5.4121e-05
7.20024e-05
4.60148e-05
4.81606e-05
7.31945e-05
7.48634e-05
9.5129e-05
0.000106096
0.00011301
5.81741e-05
9.70364e-05
0.000150204
5.91278e-05
4.50611e-05
6.60419e-05
4.19617e-05
5.4121e-05
7.29561e-05
9.39369e-05
0.000159025
7.20024e-05
6.50883e-05
7.10487e-05
8.79765e-05
4.69685e-05
5.29289e-05
5.50747e-05
0.000109196
4.31538e-05
6.8903e-05
5.29289e-05
6.50883e-05
5.6982e-05
9.29832e-05
0.000103951
0.000102997
4.50611e-05
6.79493e-05
4.31538e-05
5.10216e-05
5.6982e-05
5.10216e-05
6.69956e-05
8.70228e-05
5.48363e-05
6.29425e-05
9.70364e-05
6.81877e-05
0.000108957
0.000130177
8.70228e-05
0.000149965
6.19888e-05
5.60284e-05
7.70092e-05
7.70092e-05
0.000103951
0.000143051
0.000128984
0.000118971
4.69685e-05
5.10216e-05
6.00815e-05
7.70092e-05
6.50883e-05
9.799e-05
9.91821e-05
0.000133991
4.81606e-05
4.91142e-05
4.48227e-05
4.69685e-05
9.20296e-05
5.6982e-05
5.4121e-05
7.20024e-05
4.50611e-05
4.60148e-05
5.60284e-05
4.41074e-05
5.19753e-05
0.000101089
0.000100851
0.000108004
5.38826e-05
7.9155e-05
9.70364e-05
9.29832e-05
0.000124216
0.000133991
0.000164032
0.000106812
6.19888e-05
7.51019e-05
4.41074e-05
9.29832e-05
8.89301e-05
0.000100136
0.000118971
0.000128984
4.88758e-05
5.38826e-05
5.57899e-05
4.81606e-05
8.79765e-05
4.29153e-05
4.98295e-05
6.10352e-05
5.19753e-05
6.8903e-05
8.79765e-05
5.19753e-05
4.00543e-05
4.3869e-05
5.31673e-05
4.79221e-05
5.00679e-05
4.1008e-05
5.29289e-05
4.3869e-05
5.29289e-05
5.72205e-05
5.60284e-05
9.799e-05
6.31809e-05
7.58171e-05
9.60827e-05
0.000104189
0.000112057
0.000114918
5.00679e-05
0.00011301
7.29561e-05
9.10759e-05
0.000105858
0.000154018
0.000133991
0.000128984
0.000138998
0.000156164
8.51154e-05
8.89301e-05
9.20296e-05
7.58171e-05
6.69956e-05
8.91685e-05
8.58307e-05
9.29832e-05
5.29289e-05
6.79493e-05
6.19888e-05
6.48499e-05
6.69956e-05
5.88894e-05
6.79493e-05
7.70092e-05
6.69956e-05
4.19617e-05
4.72069e-05
4.60148e-05
4.1008e-05
4.50611e-05
5.4121e-05
8.41618e-05
5.6982e-05
7.20024e-05
7.9155e-05
9.89437e-05
0.000118017
0.000116825
9.39369e-05
8.01086e-05
