6.69956e-05
0.000149965
8.51154e-05
0.000140905
6.50883e-05
0.000165939
0.000119925
0.000154018
7.29561e-05
5.19753e-05
5.10216e-05
5.00679e-05
5.79357e-05
9.29832e-05
9.89437e-05
0.00011611
9.39369e-05
5.6982e-05
7.48634e-05
9.5129e-05
0.000111818
7.10487e-05
8.70228e-05
8.51154e-05
7.00951e-05
7.29561e-05
8.4877e-05
5.4121e-05
7.00951e-05
4.91142e-05
5.60284e-05
5.19753e-05
5.98431e-05
6.19888e-05
7.70092e-05
7.20024e-05
5.19753e-05
9.29832e-05
5.72205e-05
0.000141859
6.79493e-05
5.88894e-05
5.29289e-05
5.60284e-05
8.10623e-05
9.39369e-05
0.000148058
0.000123024
5.60284e-05
5.29289e-05
5.79357e-05
5.10216e-05
8.70228e-05
4.69685e-05
5.19753e-05
8.79765e-05
6.48499e-05
6.60419e-05
7.70092e-05
5.57899e-05
4.50611e-05
4.79221e-05
6.60419e-05
8.58307e-05
6.98566e-05
6.69956e-05
5.19753e-05
4.41074e-05
7.20024e-05
5.6982e-05
6.98566e-05
7.51019e-05
8.89301e-05
0.000112057
0.00011611
7.10487e-05
7.41482e-05
5.88894e-05
8.89301e-05
0.000130892
7.98702e-05
5.60284e-05
5.38826e-05
6.29425e-05
0.00011301
6.98566e-05
6.79493e-05
9.89437e-05
8.70228e-05
5.6982e-05
5.00679e-05
5.19753e-05
6.19888e-05
4.81606e-05
6.38962e-05
8.70228e-05
0.000102997
0.00010705
0.000153065
6.98566e-05
7.60555e-05
4.60148e-05
5.00679e-05
9.70364e-05
5.00679e-05
6.19888e-05
6.50883e-05
7.29561e-05
7.70092e-05
5.00679e-05
6.60419e-05
6.41346e-05
7.29561e-05
9.20296e-05
0.000102043
0.000119925
4.79221e-05
5.48363e-05
0.000120163
0.000148058
5.31673e-05
6.19888e-05
6.58035e-05
8.60691e-05
0.000101089
0.000144005
0.000108957
0.000121832
5.81741e-05
4.91142e-05
5.29289e-05
5.10216e-05
5.10216e-05
5.38826e-05
5.22137e-05
6.22272e-05
4.79221e-05
5.50747e-05
6.50883e-05
7.60555e-05
6.10352e-05
4.60148e-05
7.60555e-05
8.2016e-05
7.10487e-05
8.79765e-05
4.72069e-05
7.51019e-05
0.000123978
5.38826e-05
6.00815e-05
8.39233e-05
8.79765e-05
9.10759e-05
0.00012517
9.89437e-05
0.000115871
8.08239e-05
0.000100851
0.000202894
7.08103e-05
4.31538e-05
5.72205e-05
0.000101089
9.20296e-05
9.20296e-05
0.000106096
0.000129938
6.19888e-05
6.19888e-05
5.91278e-05
8.29697e-05
8.08239e-05
4.60148e-05
4.91142e-05
6.69956e-05
6.91414e-05
6.10352e-05
7.70092e-05
5.10216e-05
7.20024e-05
4.81606e-05
6.69956e-05
6.41346e-05
7.10487e-05
4.79221e-05
7.82013e-05
7.20024e-05
9.58443e-05
7.48634e-05
7.70092e-05
9.29832e-05
5.6982e-05
6.91414e-05
8.41618e-05
8.79765e-05
8.79765e-05
6.29425e-05
0.000135183
0.000109911
6.69956e-05
6.19888e-05
5.00679e-05
7.79629e-05
0.000125885
0.000145912
0.000120163
0.000108004
4.81606e-05
4.60148e-05
5.38826e-05
4.88758e-05
5.91278e-05
5.10216e-05
5.88894e-05
7.89165e-05
6.50883e-05
7.60555e-05
7.79629e-05
8.39233e-05
4.69685e-05
5.50747e-05
4.91142e-05
4.91142e-05
9.20296e-05
0.000103951
7.70092e-05
4.31538e-05
9.39369e-05
4.79221e-05
6.19888e-05
8.79765e-05
8.2016e-05
0.000102043
6.8903e-05
7.60555e-05
0.000148058
7.00951e-05
0.000126839
0.000159979
7.00951e-05
6.69956e-05
5.6982e-05
4.69685e-05
5.6982e-05
8.51154e-05
0.000118017
0.000118017
5.4121e-05
6.48499e-05
5.91278e-05
5.38826e-05
6.79493e-05
4.60148e-05
5.6982e-05
7.79629e-05
6.41346e-05
5.38826e-05
4.88758e-05
7.20024e-05
9.29832e-05
5.19753e-05
5.10216e-05
7.41482e-05
5.6982e-05
4.79221e-05
7.51019e-05
6.8903e-05
4.69685e-05
4.98295e-05
7.70092e-05
9.20296e-05
6.10352e-05
4.98295e-05
0.00012207
0.000121832
0.000124931
0.000128984
0.000167847
0.000182867
8.29697e-05
0.000100136
8.10623e-05
5.88894e-05
8.70228e-05
0.000133038
0.000111818
0.000117064
5.00679e-05
4.69685e-05
5.4121e-05
5.60284e-05
5.79357e-05
8.10623e-05
8.2016e-05
0.000104189
5.48363e-05
5.6982e-05
7.51019e-05
4.69685e-05
4.81606e-05
5.38826e-05
6.29425e-05
9.60827e-05
7.10487e-05
7.89165e-05
7.29561e-05
6.79493e-05
7.60555e-05
9.17912e-05
9.5129e-05
0.00011301
8.10623e-05
8.82149e-05
5.98431e-05
0.000109911
0.000145912
0.000154972
0.000156879
0.000115156
6.69956e-05
6.60419e-05
5.81741e-05
0.000141144
9.799e-05
0.000127792
0.000154018
0.000155926
4.79221e-05
5.6982e-05
6.19888e-05
8.79765e-05
8.41618e-05
4.91142e-05
5.6982e-05
6.60419e-05
8.51154e-05
5.29289e-05
5.29289e-05
7.41482e-05
7.70092e-05
5.57899e-05
6.10352e-05
6.50883e-05
6.79493e-05
9.70364e-05
9.5129e-05
4.88758e-05
9.41753e-05
6.60419e-05
7.70092e-05
9.89437e-05
5.88894e-05
0.000105858
0.000118017
6.50883e-05
0.000127077
0.000136137
0.000110149
0.000176907
5.38826e-05
5.98431e-05
5.81741e-05
8.39233e-05
8.89301e-05
9.20296e-05
0.000173092
0.00019598
5.00679e-05
5.00679e-05
5.48363e-05
6.69956e-05
8.60691e-05
5.50747e-05
7.51019e-05
0.000111103
5.91278e-05
8.70228e-05
0.000108957
5.31673e-05
7.58171e-05
5.19753e-05
7.20024e-05
9.91821e-05
7.29561e-05
6.81877e-05
8.17776e-05
6.69956e-05
5.29289e-05
5.19753e-05
6.00815e-05
7.00951e-05
8.4877e-05
8.41618e-05
9.39369e-05
8.39233e-05
8.70228e-05
0.000138044
0.000156879
0.000128984
6.19888e-05
7.98702e-05
5.60284e-05
6.29425e-05
5.79357e-05
8.2016e-05
0.000106096
0.000166893
7.79629e-05
8.2016e-05
5.38826e-05
8.89301e-05
9.98974e-05
5.19753e-05
6.00815e-05
8.39233e-05
6.60419e-05
6.41346e-05
7.48634e-05
8.29697e-05
9.48906e-05
5.00679e-05
5.19753e-05
7.00951e-05
4.69685e-05
6.50883e-05
5.79357e-05
4.60148e-05
5.48363e-05
5.00679e-05
5.10216e-05
7.60555e-05
5.60284e-05
6.00815e-05
4.79221e-05
7.51019e-05
8.4877e-05
0.000132084
0.000119925
5.88894e-05
5.6982e-05
7.70092e-05
5.07832e-05
7.9155e-05
0.000108004
9.39369e-05
0.00010705
0.000108004
7.20024e-05
8.58307e-05
8.89301e-05
0.000106096
7.51019e-05
7.51019e-05
7.51019e-05
0.000103951
4.98295e-05
5.88894e-05
8.51154e-05
6.69956e-05
7.00951e-05
6.98566e-05
6.60419e-05
8.98838e-05
7.39098e-05
4.50611e-05
0.00010705
5.79357e-05
7.48634e-05
9.17912e-05
9.799e-05
0.000139952
5.6982e-05
7.58171e-05
9.01222e-05
0.000103951
0.000109911
6.29425e-05
0.000124931
0.000154972
6.79493e-05
0.000185966
5.60284e-05
4.81606e-05
5.98431e-05
0.000120878
0.000159979
0.000158072
4.50611e-05
5.29289e-05
6.60419e-05
4.69685e-05
7.58171e-05
9.70364e-05
9.98974e-05
0.000102997
5.00679e-05
5.38826e-05
6.98566e-05
8.60691e-05
7.70092e-05
5.10216e-05
7.20024e-05
9.89437e-05
6.69956e-05
6.91414e-05
7.00951e-05
8.70228e-05
7.79629e-05
9.29832e-05
9.67979e-05
0.000120163
0.000104904
5.6982e-05
5.38826e-05
0.000156164
0.000158072
0.000168085
0.00018096
0.000131845
7.51019e-05
8.39233e-05
7.70092e-05
7.67708e-05
9.89437e-05
7.48634e-05
0.000128984
0.000129938
5.79357e-05
8.79765e-05
5.4121e-05
7.48634e-05
7.89165e-05
5.38826e-05
7.48634e-05
8.2016e-05
4.48227e-05
5.6982e-05
6.60419e-05
4.3869e-05
5.60284e-05
8.41618e-05
8.29697e-05
0.000101089
5.6982e-05
6.07967e-05
4.50611e-05
7.41482e-05
7.79629e-05
9.01222e-05
9.20296e-05
0.000108004
5.50747e-05
6.00815e-05
9.10759e-05
9.20296e-05
0.00011301
6.00815e-05
0.000127077
8.91685e-05
6.29425e-05
9.39369e-05
7.10487e-05
7.29561e-05
9.89437e-05
7.29561e-05
9.70364e-05
0.000159979
6.58035e-05
7.70092e-05
4.07696e-05
5.22137e-05
6.50883e-05
7.20024e-05
0.000101089
0.000121832
7.20024e-05
6.29425e-05
7.41482e-05
8.98838e-05
5.6982e-05
9.39369e-05
9.10759e-05
0.000111103
6.69956e-05
7.20024e-05
4.3869e-05
8.89301e-05
7.89165e-05
4.19617e-05
5.60284e-05
6.50883e-05
6.79493e-05
8.01086e-05
8.2016e-05
0.000109911
0.000128984
6.8903e-05
5.4121e-05
0.000169039
6.38962e-05
0.000105858
0.000111103
9.89437e-05
0.000146866
0.00013113
0.000137091
0.000157833
7.79629e-05
7.00951e-05
9.20296e-05
9.70364e-05
0.00010705
5.6982e-05
5.38826e-05
6.81877e-05
6.19888e-05
8.01086e-05
8.51154e-05
7.00951e-05
9.10759e-05
0.000102043
0.000118971
0.000126123
6.81877e-05
6.79493e-05
7.00951e-05
9.799e-05
0.000119925
6.00815e-05
4.69685e-05
5.10216e-05
4.91142e-05
7.08103e-05
8.70228e-05
0.000117064
0.00013113
6.19888e-05
8.01086e-05
0.000169039
7.41482e-05
8.29697e-05
6.60419e-05
9.10759e-05
0.000118017
9.41753e-05
0.000108004
0.000105858
6.79493e-05
7.98702e-05
7.10487e-05
5.60284e-05
7.29561e-05
8.2016e-05
8.60691e-05
8.70228e-05
9.60827e-05
7.70092e-05
7.70092e-05
7.29561e-05
4.50611e-05
4.69685e-05
5.00679e-05
8.29697e-05
6.50883e-05
6.79493e-05
7.39098e-05
6.81877e-05
4.50611e-05
4.79221e-05
4.50611e-05
5.79357e-05
7.70092e-05
9.10759e-05
7.41482e-05
0.000118017
0.000154018
0.000161886
0.000144958
0.000133991
5.38826e-05
7.48634e-05
9.48906e-05
8.70228e-05
0.000158072
0.000124931
0.000161171
0.000200033
5.29289e-05
4.60148e-05
7.00951e-05
0.000105858
0.00012207
4.81606e-05
7.41482e-05
8.29697e-05
6.58035e-05
4.88758e-05
0.000102997
9.48906e-05
6.81877e-05
7.39098e-05
0.000101089
0.000103951
5.48363e-05
4.41074e-05
5.00679e-05
6.98566e-05
4.69685e-05
9.60827e-05
9.17912e-05
9.70364e-05
7.20024e-05
6.10352e-05
0.000112057
9.799e-05
9.29832e-05
0.000153065
0.000172853
0.000185013
6.81877e-05
9.41753e-05
5.79357e-05
8.29697e-05
9.91821e-05
8.82149e-05
8.70228e-05
0.000118971
4.48227e-05
5.6982e-05
4.29153e-05
5.88894e-05
0.000118017
4.69685e-05
4.88758e-05
5.6982e-05
5.19753e-05
7.00951e-05
5.88894e-05
5.4121e-05
6.8903e-05
8.10623e-05
0.00010705
0.000105143
4.60148e-05
4.50611e-05
5.19753e-05
5.48363e-05
4.81606e-05
5.79357e-05
6.07967e-05
9.08375e-05
6.19888e-05
6.29425e-05
6.79493e-05
9.39369e-05
0.000104904
0.000115156
8.2016e-05
9.89437e-05
7.9155e-05
6.38962e-05
0.000101089
9.29832e-05
6.50883e-05
8.79765e-05
0.000101089
0.000103951
7.10487e-05
6.19888e-05
7.89165e-05
0.000123978
0.000144958
5.29289e-05
5.79357e-05
7.58171e-05
8.01086e-05
5.00679e-05
5.4121e-05
6.69956e-05
8.01086e-05
5.10216e-05
5.29289e-05
9.48906e-05
7.48634e-05
5.38826e-05
7.08103e-05
4.50611e-05
8.39233e-05
0.000100851
9.67979e-05
0.000106812
6.10352e-05
9.29832e-05
5.60284e-05
0.000124931
0.000157118
0.000103951
0.000159979
0.00014782
6.00815e-05
7.39098e-05
5.88894e-05
6.29425e-05
7.08103e-05
9.89437e-05
8.2016e-05
0.000101089
5.6982e-05
5.10216e-05
5.10216e-05
5.60284e-05
5.50747e-05
6.79493e-05
4.81606e-05
5.4121e-05
9.67979e-05
9.799e-05
7.51019e-05
4.50611e-05
7.48634e-05
5.50747e-05
5.60284e-05
6.48499e-05
5.19753e-05
4.69685e-05
4.60148e-05
5.4121e-05
8.60691e-05
5.10216e-05
7.70092e-05
8.79765e-05
7.89165e-05
8.70228e-05
0.000100851
0.000144005
0.000100136
0.000156164
0.000114918
0.000227213
6.29425e-05
4.29153e-05
0.000108957
9.89437e-05
8.39233e-05
0.000114202
0.000102997
0.000159979
5.48363e-05
9.799e-05
4.69685e-05
5.50747e-05
7.10487e-05
4.91142e-05
7.70092e-05
7.41482e-05
6.69956e-05
5.79357e-05
6.81877e-05
6.91414e-05
6.41346e-05
4.60148e-05
5.72205e-05
8.70228e-05
5.4121e-05
7.79629e-05
6.69956e-05
7.00951e-05
4.50611e-05
5.88894e-05
7.20024e-05
9.58443e-05
7.79629e-05
0.000114918
0.000123024
0.000112057
0.000152111
0.000114202
0.000175953
0.000231028
5.6982e-05
0.000117064
9.39369e-05
0.000139952
0.000129938
0.000112057
0.000143051
0.00015521
7.41482e-05
9.20296e-05
4.60148e-05
5.50747e-05
0.000101805
6.79493e-05
6.29425e-05
8.39233e-05
5.50747e-05
6.91414e-05
8.91685e-05
9.67979e-05
9.67979e-05
7.10487e-05
0.000102043
0.000113964
6.60419e-05
7.70092e-05
4.91142e-05
8.79765e-05
7.79629e-05
4.88758e-05
7.60555e-05
8.10623e-05
6.50883e-05
7.20024e-05
8.60691e-05
9.29832e-05
9.91821e-05
6.29425e-05
6.10352e-05
0.000167131
9.48906e-05
6.60419e-05
9.01222e-05
8.91685e-05
0.000104904
7.9155e-05
0.000138044
0.00010705
6.60419e-05
7.70092e-05
7.9155e-05
9.41753e-05
6.8903e-05
9.70364e-05
9.70364e-05
0.000138998
7.31945e-05
4.50611e-05
6.91414e-05
5.88894e-05
5.6982e-05
5.38826e-05
4.88758e-05
5.48363e-05
6.60419e-05
5.38826e-05
4.91142e-05
5.6982e-05
4.41074e-05
4.50611e-05
5.00679e-05
9.91821e-05
5.10216e-05
6.41346e-05
0.000108004
0.000121832
8.98838e-05
0.000144005
0.000168085
0.000147104
6.07967e-05
6.38962e-05
4.19617e-05
5.98431e-05
8.10623e-05
8.4877e-05
8.98838e-05
9.70364e-05
4.79221e-05
4.69685e-05
4.91142e-05
5.6982e-05
7.10487e-05
5.22137e-05
6.38962e-05
7.70092e-05
6.60419e-05
9.89437e-05
6.69956e-05
7.00951e-05
7.70092e-05
4.81606e-05
5.6982e-05
7.10487e-05
6.79493e-05
5.4121e-05
5.6982e-05
6.60419e-05
7.10487e-05
5.19753e-05
5.29289e-05
0.000109911
9.01222e-05
0.000123978
0.000140905
0.000148058
0.000152111
0.000135183
9.39369e-05
0.000174046
6.50883e-05
7.51019e-05
5.31673e-05
7.20024e-05
0.000135899
0.000121117
9.10759e-05
0.000139952
7.98702e-05
8.70228e-05
7.29561e-05
4.41074e-05
5.60284e-05
6.98566e-05
7.98702e-05
9.20296e-05
6.48499e-05
7.39098e-05
4.79221e-05
5.10216e-05
9.29832e-05
5.10216e-05
5.38826e-05
9.60827e-05
7.41482e-05
7.41482e-05
7.08103e-05
6.10352e-05
4.69685e-05
6.79493e-05
8.98838e-05
0.000113964
0.000101089
4.81606e-05
0.00011301
0.000115156
0.000117064
0.000119925
0.000123978
0.000150919
6.00815e-05
5.19753e-05
5.98431e-05
0.000102997
7.60555e-05
9.20296e-05
8.79765e-05
0.000109911
5.29289e-05
4.60148e-05
5.19753e-05
6.60419e-05
5.4121e-05
4.79221e-05
5.79357e-05
6.07967e-05
4.79221e-05
5.81741e-05
4.79221e-05
5.31673e-05
4.41074e-05
4.60148e-05
0.000118017
0.000120878
6.8903e-05
4.48227e-05
7.00951e-05
5.50747e-05
4.3869e-05
6.50883e-05
6.8903e-05
9.98974e-05
6.10352e-05
0.000115156
8.60691e-05
0.000142097
0.000159979
0.000146866
0.000134945
0.0001688
8.79765e-05
9.39369e-05
6.31809e-05
7.10487e-05
8.58307e-05
9.08375e-05
0.000120878
0.000149965
5.10216e-05
5.10216e-05
5.29289e-05
5.79357e-05
7.60555e-05
6.38962e-05
8.70228e-05
0.000129938
7.00951e-05
8.39233e-05
9.5129e-05
9.70364e-05
5.00679e-05
0.000117064
7.9155e-05
0.000103951
5.10216e-05
5.79357e-05
7.51019e-05
5.38826e-05
7.70092e-05
6.69956e-05
9.60827e-05
0.000100136
5.81741e-05
6.8903e-05
9.799e-05
0.000117064
6.50883e-05
0.000144005
0.000133038
0.000118971
6.19888e-05
4.79221e-05
7.20024e-05
0.000123978
8.2016e-05
8.98838e-05
0.000140905
0.000110865
5.31673e-05
5.29289e-05
6.19888e-05
5.60284e-05
6.8903e-05
8.29697e-05
8.29697e-05
0.000113964
4.69685e-05
6.10352e-05
5.4121e-05
6.41346e-05
4.41074e-05
8.39233e-05
5.81741e-05
6.91414e-05
6.98566e-05
5.50747e-05
7.00951e-05
0.000101089
5.29289e-05
6.69956e-05
9.41753e-05
0.000121117
5.60284e-05
8.60691e-05
8.70228e-05
9.70364e-05
9.799e-05
0.000119925
5.79357e-05
0.000129938
7.20024e-05
4.60148e-05
7.00951e-05
0.000114202
0.000160933
0.000123024
0.000135899
0.000134945
5.81741e-05
7.00951e-05
5.60284e-05
5.00679e-05
5.38826e-05
5.60284e-05
5.79357e-05
6.38962e-05
5.00679e-05
8.89301e-05
7.20024e-05
7.20024e-05
5.10216e-05
4.88758e-05
5.10216e-05
6.8903e-05
6.00815e-05
5.29289e-05
7.29561e-05
9.48906e-05
9.91821e-05
9.48906e-05
9.799e-05
0.000108004
6.00815e-05
6.41346e-05
9.29832e-05
0.000102043
0.000133038
5.50747e-05
4.91142e-05
0.000175953
9.29832e-05
7.29561e-05
5.48363e-05
5.6982e-05
7.31945e-05
0.000121832
9.89437e-05
0.000103951
5.48363e-05
4.60148e-05
4.91142e-05
5.22137e-05
5.4121e-05
5.6982e-05
6.31809e-05
9.29832e-05
6.50883e-05
8.29697e-05
7.70092e-05
6.8903e-05
6.8903e-05
6.8903e-05
9.08375e-05
9.39369e-05
6.98566e-05
7.29561e-05
6.8903e-05
7.41482e-05
7.10487e-05
5.00679e-05
4.88758e-05
5.6982e-05
5.00679e-05
4.88758e-05
0.000106096
0.000123024
0.00012517
0.000131845
0.000139952
0.000118971
0.000109196
8.51154e-05
8.51154e-05
0.000138044
9.60827e-05
0.000146866
0.000169039
0.000195026
7.10487e-05
7.29561e-05
5.50747e-05
6.10352e-05
8.08239e-05
7.08103e-05
7.10487e-05
8.2016e-05
4.60148e-05
9.5129e-05
0.000109196
7.39098e-05
7.20024e-05
9.5129e-05
0.00010705
0.000115871
7.51019e-05
9.32217e-05
7.20024e-05
9.01222e-05
8.67844e-05
5.6982e-05
7.39098e-05
7.79629e-05
9.799e-05
0.000109911
0.000117064
0.000116825
0.000121117
6.50883e-05
8.60691e-05
0.000154972
5.91278e-05
6.58035e-05
7.70092e-05
0.000123024
0.000113964
0.00012517
9.91821e-05
0.000149012
4.3869e-05
6.31809e-05
7.70092e-05
4.98295e-05
5.50747e-05
5.60284e-05
6.50883e-05
7.00951e-05
5.60284e-05
7.20024e-05
9.29832e-05
5.00679e-05
6.29425e-05
5.19753e-05
5.29289e-05
7.00951e-05
5.60284e-05
5.50747e-05
5.79357e-05
5.60284e-05
4.79221e-05
4.69685e-05
6.69956e-05
6.8903e-05
7.10487e-05
0.00011301
0.000123024
0.000145912
0.000145197
0.000158072
0.000102997
0.000164986
5.6982e-05
9.67979e-05
6.19888e-05
0.000108004
6.79493e-05
6.98566e-05
0.000102043
0.000138044
6.79493e-05
6.69956e-05
5.31673e-05
4.79221e-05
7.00951e-05
8.70228e-05
9.10759e-05
0.000102997
4.69685e-05
6.31809e-05
7.79629e-05
9.10759e-05
5.00679e-05
7.48634e-05
9.89437e-05
0.000106812
6.38962e-05
6.29425e-05
5.10216e-05
7.29561e-05
5.19753e-05
8.39233e-05
8.70228e-05
0.000109911
8.29697e-05
9.5129e-05
8.98838e-05
0.000108957
0.000133991
0.000138044
7.48634e-05
0.000153065
8.4877e-05
5.6982e-05
6.00815e-05
8.4877e-05
9.58443e-05
8.70228e-05
0.000117064
0.000181913
5.81741e-05
7.20024e-05
5.00679e-05
5.48363e-05
6.00815e-05
5.10216e-05
7.89165e-05
0.00012207
6.79493e-05
9.20296e-05
6.29425e-05
5.4121e-05
7.00951e-05
4.79221e-05
5.31673e-05
6.79493e-05
5.79357e-05
5.60284e-05
6.60419e-05
5.79357e-05
7.60555e-05
9.29832e-05
0.00010705
0.00010705
7.00951e-05
8.4877e-05
9.41753e-05
9.89437e-05
0.000103951
0.000108957
5.79357e-05
0.000125885
5.22137e-05
5.4121e-05
5.50747e-05
0.000120163
5.98431e-05
0.000102997
0.000128031
0.00011611
5.50747e-05
6.79493e-05
5.31673e-05
9.89437e-05
0.000123978
4.60148e-05
5.00679e-05
8.70228e-05
5.22137e-05
6.10352e-05
7.20024e-05
4.60148e-05
5.60284e-05
5.07832e-05
5.29289e-05
6.81877e-05
8.89301e-05
7.10487e-05
7.00951e-05
4.79221e-05
6.79493e-05
5.29289e-05
6.50883e-05
7.58171e-05
6.29425e-05
8.2016e-05
8.98838e-05
9.5129e-05
0.000100851
5.6982e-05
5.88894e-05
0.000159979
5.31673e-05
4.88758e-05
6.69956e-05
8.29697e-05
8.89301e-05
0.000133991
0.000118017
0.000134945
5.10216e-05
5.79357e-05
4.91142e-05
6.91414e-05
0.000130177
5.48363e-05
7.48634e-05
0.000132084
7.51019e-05
4.60148e-05
5.60284e-05
7.51019e-05
8.89301e-05
9.48906e-05
9.89437e-05
0.000123024
5.19753e-05
4.41074e-05
5.6982e-05
5.60284e-05
5.60284e-05
5.79357e-05
9.29832e-05
8.29697e-05
5.29289e-05
0.00020504
0.000119925
0.000129938
0.000110865
7.82013e-05
0.000156164
0.000234842
7.10487e-05
5.60284e-05
9.48906e-05
8.10623e-05
0.000142813
0.000108004
0.000145197
0.000167131
5.60284e-05
7.20024e-05
4.41074e-05
5.29289e-05
6.29425e-05
5.10216e-05
5.29289e-05
5.29289e-05
5.31673e-05
5.19753e-05
7.00951e-05
7.41482e-05
5.38826e-05
6.29425e-05
8.2016e-05
8.60691e-05
5.6982e-05
4.79221e-05
5.60284e-05
7.39098e-05
7.48634e-05
5.79357e-05
7.70092e-05
9.89437e-05
6.31809e-05
9.799e-05
0.000143051
0.000153065
0.000100136
0.000153065
0.000160933
0.000123024
7.10487e-05
6.69956e-05
7.20024e-05
5.19753e-05
7.10487e-05
0.000123978
8.79765e-05
0.000129938
5.50747e-05
7.41482e-05
9.48906e-05
9.799e-05
0.000102997
7.70092e-05
6.8903e-05
9.91821e-05
5.6982e-05
9.10759e-05
0.000114918
4.41074e-05
8.79765e-05
6.00815e-05
7.89165e-05
0.000104189
5.4121e-05
7.41482e-05
7.10487e-05
4.41074e-05
6.98566e-05
9.08375e-05
9.29832e-05
0.00011301
6.79493e-05
9.799e-05
5.50747e-05
0.000114918
5.91278e-05
0.000124931
0.000169992
0.000185966
0.000132084
0.00010705
0.000102997
9.01222e-05
0.000154018
0.000121832
0.000157118
0.000185013
5.4121e-05
9.5129e-05
9.89437e-05
0.00013113
7.98702e-05
0.000100136
0.000106812
0.000128031
7.98702e-05
9.20296e-05
9.91821e-05
6.48499e-05
5.60284e-05
7.29561e-05
8.98838e-05
0.000103951
7.00951e-05
9.39369e-05
4.79221e-05
5.88894e-05
5.81741e-05
5.88894e-05
6.8903e-05
8.82149e-05
7.08103e-05
0.000217199
8.4877e-05
0.000137091
0.000159979
5.88894e-05
0.000176907
8.98838e-05
0.000211
9.5129e-05
0.000218153
9.39369e-05
0.000115156
0.000125885
0.000148058
0.000194073
8.08239e-05
6.79493e-05
7.29561e-05
0.000108004
8.29697e-05
5.81741e-05
7.70092e-05
9.29832e-05
7.00951e-05
8.01086e-05
5.10216e-05
4.91142e-05
4.98295e-05
5.19753e-05
6.07967e-05
6.60419e-05
5.19753e-05
7.20024e-05
7.9155e-05
5.60284e-05
6.79493e-05
9.799e-05
0.000100136
0.000118017
8.2016e-05
9.48906e-05
9.89437e-05
4.81606e-05
0.000112057
0.000110865
0.000118971
0.000106812
9.29832e-05
0.000138998
0.000113964
0.000118971
0.000174999
0.000154972
0.000160933
0.000185013
9.98974e-05
0.00010705
0.000109911
9.799e-05
7.29561e-05
7.60555e-05
9.39369e-05
0.000100136
4.79221e-05
6.19888e-05
4.41074e-05
7.20024e-05
7.20024e-05
9.41753e-05
8.79765e-05
0.000106812
0.000105858
7.41482e-05
8.39233e-05
7.10487e-05
5.29289e-05
9.08375e-05
0.000106812
0.000120163
5.38826e-05
7.10487e-05
8.4877e-05
0.000127077
5.19753e-05
0.000134945
0.000141144
0.000133038
0.000102043
7.41482e-05
8.10623e-05
5.48363e-05
0.000106812
0.000102997
8.58307e-05
0.000180006
7.20024e-05
7.00951e-05
6.8903e-05
4.91142e-05
5.29289e-05
5.10216e-05
5.00679e-05
6.48499e-05
4.69685e-05
5.19753e-05
4.60148e-05
5.38826e-05
6.79493e-05
0.000102043
7.20024e-05
0.000118017
7.41482e-05
7.51019e-05
6.91414e-05
4.60148e-05
4.81606e-05
5.10216e-05
7.08103e-05
0.000116825
0.000100136
0.000105143
0.000121832
8.51154e-05
0.000135183
9.89437e-05
0.000174999
0.000182152
8.2016e-05
6.48499e-05
6.79493e-05
8.08239e-05
0.000101805
0.000141859
0.000126839
0.000141859
6.38962e-05
5.60284e-05
6.50883e-05
4.60148e-05
5.91278e-05
5.38826e-05
5.50747e-05
9.29832e-05
7.29561e-05
7.20024e-05
9.60827e-05
6.79493e-05
8.89301e-05
5.10216e-05
5.6982e-05
7.70092e-05
5.10216e-05
5.60284e-05
4.60148e-05
5.98431e-05
4.60148e-05
5.6982e-05
4.50611e-05
8.89301e-05
5.60284e-05
7.60555e-05
8.39233e-05
5.79357e-05
0.000109911
0.000124931
9.39369e-05
0.000121832
5.31673e-05
6.07967e-05
5.50747e-05
6.60419e-05
8.58307e-05
0.00011301
0.000135183
0.000152111
7.98702e-05
5.00679e-05
7.41482e-05
9.70364e-05
7.00951e-05
6.10352e-05
8.91685e-05
7.48634e-05
5.19753e-05
5.50747e-05
7.10487e-05
4.69685e-05
7.89165e-05
5.48363e-05
7.00951e-05
7.29561e-05
5.00679e-05
6.60419e-05
7.29561e-05
4.81606e-05
8.58307e-05
5.88894e-05
7.20024e-05
7.60555e-05
6.69956e-05
0.000108957
0.000123024
0.000127077
0.000138998
8.79765e-05
0.000143051
9.20296e-05
6.69956e-05
8.89301e-05
8.4877e-05
7.9155e-05
9.799e-05
0.00010705
0.000121117
0.000126123
5.60284e-05
5.31673e-05
5.6982e-05
4.91142e-05
7.70092e-05
8.60691e-05
9.01222e-05
0.000109196
7.10487e-05
4.69685e-05
4.81606e-05
7.70092e-05
6.41346e-05
4.50611e-05
5.60284e-05
5.60284e-05
4.60148e-05
6.69956e-05
7.20024e-05
5.00679e-05
4.98295e-05
5.72205e-05
6.69956e-05
0.00014019
5.60284e-05
7.20024e-05
9.70364e-05
0.00012207
0.000123978
0.00012517
0.00012207
0.000108957
8.10623e-05
6.07967e-05
5.29289e-05
5.07832e-05
0.000108004
6.69956e-05
0.000128984
0.000138044
6.41346e-05
4.48227e-05
9.29832e-05
9.89437e-05
0.000105858
5.6982e-05
7.60555e-05
7.82013e-05
6.79493e-05
7.20024e-05
9.01222e-05
4.81606e-05
5.60284e-05
4.50611e-05
5.91278e-05
9.60827e-05
8.79765e-05
9.08375e-05
6.48499e-05
7.08103e-05
7.58171e-05
8.60691e-05
0.000104189
0.000117064
6.31809e-05
6.8903e-05
8.10623e-05
5.91278e-05
0.000133991
0.000153065
7.89165e-05
0.000187874
8.70228e-05
6.38962e-05
6.48499e-05
8.60691e-05
0.000108957
0.000159025
0.000133991
0.000160933
4.69685e-05
4.60148e-05
5.50747e-05
7.10487e-05
8.89301e-05
5.98431e-05
7.29561e-05
9.60827e-05
7.79629e-05
7.39098e-05
7.00951e-05
6.98566e-05
6.00815e-05
5.48363e-05
7.60555e-05
9.48906e-05
7.20024e-05
8.79765e-05
7.20024e-05
9.48906e-05
7.10487e-05
9.20296e-05
0.000103951
0.000110149
8.70228e-05
0.000112057
8.2016e-05
0.000123978
9.10759e-05
0.000180006
0.000185966
0.000197887
0.000101089
0.000102997
0.000117064
9.98974e-05
0.000121117
9.60827e-05
0.000145912
0.000161886
7.29561e-05
0.000101805
9.20296e-05
0.000101805
5.19753e-05
5.88894e-05
5.79357e-05
0.000102997
9.60827e-05
0.000103951
6.79493e-05
7.20024e-05
7.00951e-05
7.00951e-05
0.000104189
0.000110865
5.10216e-05
5.6982e-05
5.6982e-05
5.10216e-05
4.3869e-05
5.6982e-05
6.19888e-05
5.79357e-05
0.000121117
0.000130177
0.000133991
0.000108957
0.000179052
0.000110149
0.000196934
0.000215054
5.98431e-05
7.89165e-05
0.00011301
6.60419e-05
8.39233e-05
0.000125885
9.48906e-05
0.000108957
7.00951e-05
4.60148e-05
5.6982e-05
6.29425e-05
8.01086e-05
4.50611e-05
5.60284e-05
7.70092e-05
5.60284e-05
6.07967e-05
9.58443e-05
5.29289e-05
8.79765e-05
9.39369e-05
9.70364e-05
0.000109196
9.39369e-05
7.70092e-05
6.91414e-05
8.79765e-05
9.29832e-05
6.91414e-05
7.60555e-05
9.01222e-05
6.79493e-05
8.10623e-05
9.91821e-05
0.000100136
4.50611e-05
0.000138998
0.000151157
9.799e-05
7.20024e-05
5.38826e-05
9.10759e-05
9.29832e-05
0.000124931
8.70228e-05
0.000117064
0.000131845
7.20024e-05
9.20296e-05
9.799e-05
9.89437e-05
7.20024e-05
5.31673e-05
5.6982e-05
7.10487e-05
6.69956e-05
9.70364e-05
4.81606e-05
5.79357e-05
7.29561e-05
7.29561e-05
7.39098e-05
9.58443e-05
9.799e-05
7.00951e-05
7.51019e-05
9.70364e-05
4.3869e-05
5.98431e-05
7.20024e-05
8.2016e-05
6.50883e-05
7.20024e-05
7.41482e-05
4.69685e-05
0.000118971
0.000127077
0.000149965
0.000139952
7.98702e-05
5.6982e-05
6.00815e-05
7.9155e-05
9.70364e-05
0.000146866
0.00012517
0.000133038
9.799e-05
6.58035e-05
4.50611e-05
6.19888e-05
5.48363e-05
9.70364e-05
0.000112057
0.000101089
4.88758e-05
5.48363e-05
7.29561e-05
7.70092e-05
7.58171e-05
8.4877e-05
8.79765e-05
9.67979e-05
5.19753e-05
8.91685e-05
6.98566e-05
9.5129e-05
8.89301e-05
9.799e-05
9.799e-05
0.000108004
7.00951e-05
0.000106096
0.00013113
0.000128031
0.000152826
0.000159025
0.000163078
9.70364e-05
6.50883e-05
9.39369e-05
6.60419e-05
9.29832e-05
5.6982e-05
7.79629e-05
0.000154972
0.000104904
5.98431e-05
7.29561e-05
7.00951e-05
4.57764e-05
6.8903e-05
5.10216e-05
5.50747e-05
7.60555e-05
7.29561e-05
7.20024e-05
9.01222e-05
6.50883e-05
6.79493e-05
4.60148e-05
7.31945e-05
9.48906e-05
7.00951e-05
7.39098e-05
6.79493e-05
7.51019e-05
7.29561e-05
9.60827e-05
9.89437e-05
0.000117064
6.81877e-05
8.10623e-05
8.89301e-05
9.48906e-05
0.000106096
0.000111103
0.000116825
8.70228e-05
7.10487e-05
8.17776e-05
6.29425e-05
5.10216e-05
8.91685e-05
7.00951e-05
7.39098e-05
8.79765e-05
7.60555e-05
5.19753e-05
6.19888e-05
8.89301e-05
7.20024e-05
9.89437e-05
9.799e-05
0.000111103
4.69685e-05
6.31809e-05
7.60555e-05
0.000102997
0.000108957
4.60148e-05
6.29425e-05
9.29832e-05
5.29289e-05
5.50747e-05
5.29289e-05
5.60284e-05
4.60148e-05
4.41074e-05
5.07832e-05
5.29289e-05
9.70364e-05
0.000111103
0.000120878
0.000123024
0.000130177
0.000108004
0.000158072
0.000133991
7.20024e-05
5.6982e-05
4.60148e-05
0.000124931
8.98838e-05
0.000124931
0.000129938
0.000134945
5.6982e-05
7.29561e-05
8.41618e-05
6.19888e-05
7.10487e-05
5.00679e-05
7.9155e-05
9.98974e-05
4.72069e-05
4.3869e-05
5.29289e-05
4.60148e-05
6.91414e-05
5.29289e-05
7.20024e-05
9.29832e-05
6.79493e-05
7.20024e-05
7.10487e-05
6.79493e-05
7.39098e-05
6.91414e-05
7.29561e-05
7.70092e-05
7.51019e-05
5.29289e-05
0.000129938
0.000133038
0.00014782
0.000151873
0.000159979
0.000164032
8.4877e-05
4.60148e-05
7.89165e-05
8.98838e-05
0.000101089
0.000108004
0.000121117
0.000138998
7.10487e-05
5.10216e-05
8.89301e-05
0.000100136
0.000108004
4.41074e-05
5.31673e-05
8.91685e-05
0.000102043
5.91278e-05
8.10623e-05
9.89437e-05
4.81606e-05
6.50883e-05
6.48499e-05
9.39369e-05
9.01222e-05
7.10487e-05
9.41753e-05
7.20024e-05
7.29561e-05
8.70228e-05
0.000123978
0.000119925
7.79629e-05
8.89301e-05
0.000101089
0.000123024
0.000136137
7.60555e-05
0.000173092
0.000189066
5.60284e-05
7.39098e-05
7.89165e-05
9.20296e-05
0.000102997
0.000112057
0.000159025
0.000190973
4.79221e-05
5.38826e-05
4.60148e-05
5.81741e-05
7.79629e-05
4.69685e-05
5.48363e-05
6.69956e-05
9.98974e-05
7.10487e-05
7.08103e-05
9.70364e-05
6.60419e-05
4.41074e-05
5.29289e-05
0.000110149
5.6982e-05
4.69685e-05
5.38826e-05
4.79221e-05
6.10352e-05
4.41074e-05
5.48363e-05
8.41618e-05
5.6982e-05
8.10623e-05
0.00011611
5.50747e-05
0.000128031
0.000134945
0.000144005
0.000103951
6.38962e-05
9.39369e-05
5.19753e-05
6.41346e-05
8.10623e-05
0.000102997
0.000118971
0.000123024
7.70092e-05
9.48906e-05
4.88758e-05
5.07832e-05
6.31809e-05
4.60148e-05
5.91278e-05
5.50747e-05
5.00679e-05
4.69685e-05
5.81741e-05
7.60555e-05
5.50747e-05
7.60555e-05
8.2016e-05
0.000127077
4.60148e-05
4.69685e-05
7.10487e-05
6.69956e-05
7.60555e-05
0.000112057
0.000104904
0.000123978
6.00815e-05
6.29425e-05
0.000108004
0.000115871
0.000127077
0.000118971
9.60827e-05
9.41753e-05
6.69956e-05
4.72069e-05
7.41482e-05
7.51019e-05
0.00010705
0.000102997
0.000115871
0.000127792
5.00679e-05
6.29425e-05
4.88758e-05
5.60284e-05
6.00815e-05
5.98431e-05
4.19617e-05
6.31809e-05
7.70092e-05
7.70092e-05
9.29832e-05
4.69685e-05
7.10487e-05
4.91142e-05
5.60284e-05
5.19753e-05
6.8903e-05
8.70228e-05
6.60419e-05
5.29289e-05
5.79357e-05
4.3869e-05
7.51019e-05
7.9155e-05
5.91278e-05
6.10352e-05
7.70092e-05
4.29153e-05
0.000128031
4.60148e-05
0.000147104
0.000157833
5.29289e-05
9.89437e-05
0.000101089
9.70364e-05
8.39233e-05
0.000133038
0.000180006
0.000174046
4.69685e-05
5.31673e-05
5.6982e-05
8.10623e-05
8.70228e-05
5.10216e-05
5.79357e-05
7.29561e-05
6.10352e-05
5.00679e-05
5.38826e-05
7.79629e-05
7.00951e-05
5.31673e-05
7.29561e-05
9.89437e-05
5.00679e-05
7.10487e-05
5.00679e-05
4.50611e-05
5.91278e-05
5.29289e-05
5.50747e-05
8.89301e-05
8.08239e-05
9.48906e-05
0.000108004
4.79221e-05
0.000138998
0.000144005
0.000139952
0.000172138
9.10759e-05
8.70228e-05
8.79765e-05
0.00010705
9.89437e-05
0.000108004
0.000125885
0.000162125
7.51019e-05
4.31538e-05
5.60284e-05
7.9155e-05
5.50747e-05
4.79221e-05
5.00679e-05
5.79357e-05
9.70364e-05
9.799e-05
6.69956e-05
7.29561e-05
4.60148e-05
4.98295e-05
6.8903e-05
7.70092e-05
6.69956e-05
4.81606e-05
6.00815e-05
4.41074e-05
5.19753e-05
7.51019e-05
9.98974e-05
0.000108004
9.29832e-05
9.91821e-05
0.000111103
0.000108957
0.000113964
5.38826e-05
0.000120878
0.000108004
6.22272e-05
9.39369e-05
6.10352e-05
8.39233e-05
0.000108957
9.98974e-05
0.000110865
0.000173092
5.19753e-05
5.79357e-05
5.19753e-05
5.91278e-05
6.19888e-05
5.10216e-05
9.48906e-05
9.41753e-05
4.60148e-05
5.19753e-05
4.50611e-05
5.48363e-05
7.20024e-05
9.39369e-05
9.48906e-05
0.000108957
6.91414e-05
5.10216e-05
5.00679e-05
7.10487e-05
9.5129e-05
5.29289e-05
7.20024e-05
0.000102043
7.29561e-05
7.48634e-05
8.39233e-05
0.000102043
0.000118971
6.48499e-05
0.000133991
0.000167847
7.29561e-05
8.29697e-05
7.60555e-05
0.000133038
9.89437e-05
0.000110865
0.000102043
0.000113964
7.79629e-05
7.20024e-05
7.70092e-05
4.50611e-05
6.81877e-05
4.69685e-05
5.00679e-05
7.31945e-05
5.10216e-05
7.10487e-05
4.48227e-05
7.29561e-05
5.6982e-05
7.20024e-05
9.29832e-05
9.48906e-05
0.000101805
9.39369e-05
8.60691e-05
6.8903e-05
6.91414e-05
7.10487e-05
7.70092e-05
8.29697e-05
6.10352e-05
6.69956e-05
9.48906e-05
0.000106096
6.00815e-05
0.000136137
0.000106096
0.000130892
9.70364e-05
7.58171e-05
8.39233e-05
8.10623e-05
9.08375e-05
0.000138998
0.000110865
0.000146151
7.79629e-05
4.50611e-05
9.5129e-05
0.000101089
0.000117064
5.4121e-05
5.6982e-05
6.79493e-05
6.48499e-05
7.10487e-05
8.89301e-05
5.48363e-05
6.81877e-05
6.29425e-05
7.10487e-05
0.000103951
9.32217e-05
7.20024e-05
9.89437e-05
4.88758e-05
9.20296e-05
4.91142e-05
7.20024e-05
7.29561e-05
6.58035e-05
7.20024e-05
6.98566e-05
0.000118971
0.000122786
0.000127077
0.000132084
7.00951e-05
5.50747e-05
6.38962e-05
4.91142e-05
0.000113964
0.00010705
0.000126123
0.000164032
0.000149012
5.29289e-05
4.60148e-05
5.19753e-05
4.50611e-05
5.50747e-05
4.88758e-05
4.50611e-05
9.10759e-05
4.41074e-05
4.69685e-05
5.29289e-05
4.79221e-05
6.38962e-05
5.60284e-05
7.20024e-05
0.000101089
6.60419e-05
0.000102043
6.60419e-05
6.38962e-05
7.20024e-05
9.41753e-05
0.000102997
0.000106096
5.60284e-05
8.4877e-05
0.000109911
0.000125885
0.000110149
7.9155e-05
9.98974e-05
0.00101113
7.29561e-05
8.89301e-05
0.00013113
0.000117064
0.000109196
0.000124931
0.000142097
0.000149012
7.10487e-05
7.39098e-05
0.000118971
0.000120878
7.20024e-05
4.88758e-05
5.6982e-05
5.6982e-05
7.51019e-05
9.10759e-05
5.31673e-05
4.79221e-05
9.20296e-05
4.79221e-05
5.29289e-05
6.31809e-05
9.67979e-05
6.58035e-05
4.69685e-05
5.60284e-05
7.08103e-05
8.60691e-05
8.79765e-05
0.000106096
6.38962e-05
6.81877e-05
8.67844e-05
5.6982e-05
0.000124931
0.000118017
0.000144005
0.00013423
5.98431e-05
7.39098e-05
5.79357e-05
5.6982e-05
6.69956e-05
8.51154e-05
8.89301e-05
0.000160933
9.41753e-05
5.19753e-05
0.000102043
0.000108004
0.000114918
4.29153e-05
5.48363e-05
0.000101805
5.48363e-05
6.31809e-05
7.29561e-05
5.60284e-05
8.41618e-05
5.10216e-05
7.20024e-05
9.41753e-05
6.79493e-05
9.39369e-05
5.6982e-05
4.69685e-05
9.20296e-05
6.00815e-05
6.79493e-05
8.08239e-05
5.79357e-05
6.19888e-05
0.000126839
9.20296e-05
0.000149012
0.000156879
0.00012207
0.000174999
8.91685e-05
9.29832e-05
5.50747e-05
5.60284e-05
8.29697e-05
0.00012207
0.000103951
0.000100136
0.000101089
0.000110149
7.10487e-05
7.20024e-05
9.58443e-05
4.81606e-05
5.79357e-05
7.29561e-05
6.38962e-05
6.50883e-05
4.3869e-05
5.48363e-05
5.29289e-05
6.29425e-05
7.51019e-05
9.29832e-05
9.17912e-05
6.38962e-05
7.79629e-05
7.20024e-05
7.89165e-05
6.10352e-05
6.31809e-05
9.799e-05
7.10487e-05
7.29561e-05
8.60691e-05
0.000102997
0.000133038
7.00951e-05
6.19888e-05
0.000159979
9.91821e-05
0.00011301
0.000141144
0.000123978
0.000118017
0.000121117
0.000159979
0.000164986
5.19753e-05
6.29425e-05
5.88894e-05
5.10216e-05
5.19753e-05
6.29425e-05
0.000101805
0.000112057
4.3869e-05
6.8903e-05
4.60148e-05
5.6982e-05
4.60148e-05
5.38826e-05
6.98566e-05
9.29832e-05
5.57899e-05
6.8903e-05
9.01222e-05
5.60284e-05
4.60148e-05
5.50747e-05
5.38826e-05
8.4877e-05
7.48634e-05
9.799e-05
7.39098e-05
8.79765e-05
0.00014019
0.000144005
0.000150204
0.000169992
6.98566e-05
7.60555e-05
7.10487e-05
6.07967e-05
5.50747e-05
5.38826e-05
0.000119925
0.000136137
5.19753e-05
5.50747e-05
4.91142e-05
7.08103e-05
0.000127792
5.6982e-05
8.70228e-05
8.89301e-05
5.10216e-05
7.20024e-05
7.79629e-05
7.00951e-05
6.19888e-05
4.3869e-05
5.29289e-05
6.98566e-05
7.20024e-05
0.000100851
9.29832e-05
6.91414e-05
7.79629e-05
4.41074e-05
5.50747e-05
7.41482e-05
8.29697e-05
8.60691e-05
9.89437e-05
4.60148e-05
0.000128031
0.000154972
0.000169039
9.29832e-05
9.799e-05
5.60284e-05
8.51154e-05
0.000128984
7.9155e-05
8.4877e-05
0.000121832
0.000159979
6.79493e-05
7.79629e-05
8.4877e-05
8.89301e-05
5.81741e-05
8.98838e-05
9.01222e-05
0.000106096
4.31538e-05
8.2016e-05
4.3869e-05
7.20024e-05
7.70092e-05
5.31673e-05
7.20024e-05
7.60555e-05
5.19753e-05
4.69685e-05
8.51154e-05
4.79221e-05
5.29289e-05
4.69685e-05
5.29289e-05
5.38826e-05
8.67844e-05
0.000113964
8.51154e-05
0.000121117
0.000154972
0.000158072
0.000144958
0.000150204
7.10487e-05
6.69956e-05
6.19888e-05
9.799e-05
5.88894e-05
6.29425e-05
9.08375e-05
0.000135899
4.88758e-05
5.29289e-05
5.98431e-05
8.51154e-05
5.29289e-05
5.4121e-05
5.50747e-05
7.48634e-05
4.69685e-05
5.4121e-05
5.38826e-05
4.3869e-05
9.48906e-05
4.3869e-05
5.31673e-05
6.58035e-05
7.89165e-05
4.79221e-05
5.31673e-05
5.10216e-05
7.00951e-05
5.38826e-05
4.98295e-05
5.19753e-05
0.000119925
0.000123978
0.000141144
0.000133991
0.000123024
0.000193834
0.000227928
0.000254154
6.19888e-05
7.89165e-05
6.50883e-05
9.10759e-05
8.79765e-05
8.58307e-05
9.10759e-05
0.000152111
4.79221e-05
5.50747e-05
6.00815e-05
7.79629e-05
5.10216e-05
4.79221e-05
5.48363e-05
6.29425e-05
6.60419e-05
7.31945e-05
5.19753e-05
5.60284e-05
4.69685e-05
9.70364e-05
9.91821e-05
0.000118017
7.29561e-05
6.91414e-05
7.70092e-05
4.50611e-05
5.79357e-05
6.60419e-05
7.70092e-05
8.2016e-05
6.8903e-05
9.39369e-05
0.000124931
5.00679e-05
0.000142097
0.000144005
0.000142813
9.10759e-05
9.01222e-05
5.50747e-05
9.70364e-05
8.39233e-05
9.29832e-05
0.000108004
0.000124931
0.000140905
7.29561e-05
7.10487e-05
4.79221e-05
5.29289e-05
7.20024e-05
4.69685e-05
4.69685e-05
0.000110865
5.48363e-05
7.10487e-05
4.79221e-05
6.38962e-05
4.88758e-05
4.79221e-05
5.10216e-05
7.98702e-05
5.48363e-05
4.88758e-05
5.79357e-05
5.50747e-05
4.69685e-05
6.50883e-05
5.88894e-05
6.10352e-05
6.19888e-05
9.39369e-05
0.000100851
0.000111103
7.58171e-05
0.000146151
0.000155926
0.000117064
5.48363e-05
9.20296e-05
0.000103951
7.10487e-05
0.000101089
0.000145197
0.000118971
0.000130892
4.81606e-05
5.6982e-05
5.48363e-05
5.6982e-05
6.19888e-05
6.8903e-05
6.91414e-05
8.2016e-05
5.10216e-05
5.48363e-05
0.000100136
7.20024e-05
7.10487e-05
5.4121e-05
7.60555e-05
8.89301e-05
5.48363e-05
5.19753e-05
6.69956e-05
8.70228e-05
6.69956e-05
5.10216e-05
5.60284e-05
7.00951e-05
5.29289e-05
5.79357e-05
6.38962e-05
0.000121117
0.000151873
0.000168085
9.91821e-05
0.000124931
5.50747e-05
5.50747e-05
9.60827e-05
6.10352e-05
9.17912e-05
7.58171e-05
9.799e-05
0.000112057
6.10352e-05
5.48363e-05
4.72069e-05
6.10352e-05
8.67844e-05
4.91142e-05
4.79221e-05
7.29561e-05
4.50611e-05
4.60148e-05
8.51154e-05
5.88894e-05
5.29289e-05
7.70092e-05
9.29832e-05
0.00011301
9.29832e-05
6.69956e-05
7.00951e-05
6.19888e-05
7.9155e-05
6.00815e-05
7.41482e-05
9.60827e-05
7.89165e-05
8.29697e-05
9.799e-05
5.38826e-05
0.000120163
9.70364e-05
0.00016284
0.000198841
8.98838e-05
9.799e-05
7.39098e-05
9.39369e-05
8.01086e-05
0.00011301
0.000108004
0.000147104
4.69685e-05
5.60284e-05
7.39098e-05
6.69956e-05
5.4121e-05
6.98566e-05
9.799e-05
0.000102997
9.32217e-05
4.79221e-05
4.81606e-05
5.29289e-05
7.10487e-05
9.17912e-05
9.89437e-05
0.000112057
9.32217e-05
6.69956e-05
6.98566e-05
9.67979e-05
0.000108004
5.4121e-05
7.51019e-05
0.000101089
7.70092e-05
0.000108004
7.79629e-05
0.000124931
0.000143051
0.000153065
0.00011611
0.00019908
0.00011301
9.29832e-05
8.70228e-05
9.20296e-05
0.000111818
9.70364e-05
0.000167131
0.000176907
6.69956e-05
4.50611e-05
5.07832e-05
5.19753e-05
0.000105143
4.69685e-05
8.10623e-05
8.70228e-05
4.91142e-05
4.91142e-05
5.98431e-05
4.3869e-05
4.88758e-05
5.31673e-05
5.4121e-05
6.10352e-05
5.50747e-05
5.10216e-05
7.51019e-05
5.10216e-05
4.60148e-05
7.58171e-05
9.89437e-05
0.000114918
7.41482e-05
9.98974e-05
0.00013113
0.000144005
0.000109911
0.000154972
0.000180006
0.000160933
5.10216e-05
8.29697e-05
8.10623e-05
0.000134945
0.000143051
0.000118017
0.000108004
0.000133991
7.60555e-05
7.39098e-05
7.70092e-05
7.00951e-05
7.20024e-05
8.60691e-05
8.2016e-05
9.5129e-05
8.70228e-05
9.89437e-05
6.60419e-05
6.98566e-05
7.51019e-05
9.799e-05
9.29832e-05
0.000102997
9.29832e-05
6.38962e-05
6.38962e-05
6.10352e-05
6.8903e-05
8.2016e-05
8.39233e-05
0.000103951
6.8903e-05
8.2016e-05
9.89437e-05
0.000108957
0.000123024
7.10487e-05
7.70092e-05
0.000169992
0.000102043
5.91278e-05
8.4877e-05
9.20296e-05
0.000149012
0.000123978
0.000138044
0.000152111
6.38962e-05
6.69956e-05
9.01222e-05
5.29289e-05
7.29561e-05
5.29289e-05
6.60419e-05
9.799e-05
6.69956e-05
7.41482e-05
9.91821e-05
4.50611e-05
5.50747e-05
6.29425e-05
5.38826e-05
8.89301e-05
6.98566e-05
5.60284e-05
4.91142e-05
7.39098e-05
4.81606e-05
7.20024e-05
7.20024e-05
9.10759e-05
5.98431e-05
6.98566e-05
9.01222e-05
4.79221e-05
0.000154972
0.000104189
0.000182152
0.000228882
6.50883e-05
0.000114918
6.8903e-05
0.000115156
0.000105143
0.000121832
0.000163078
0.00017786
6.91414e-05
4.50611e-05
4.60148e-05
5.00679e-05
6.07967e-05
7.58171e-05
8.51154e-05
0.000119925
5.10216e-05
6.19888e-05
7.89165e-05
6.8903e-05
7.29561e-05
5.79357e-05
7.20024e-05
9.41753e-05
5.19753e-05
6.10352e-05
5.29289e-05
7.10487e-05
8.91685e-05
6.79493e-05
7.10487e-05
8.70228e-05
6.41346e-05
7.39098e-05
9.20296e-05
0.000103951
8.89301e-05
0.000153065
0.000105858
0.00018096
7.79629e-05
4.98295e-05
9.29832e-05
8.58307e-05
5.60284e-05
7.10487e-05
7.60555e-05
0.000106096
5.79357e-05
7.70092e-05
8.2016e-05
9.98974e-05
6.69956e-05
5.29289e-05
5.6982e-05
9.08375e-05
7.10487e-05
9.41753e-05
6.50883e-05
5.38826e-05
6.79493e-05
5.38826e-05
6.91414e-05
9.10759e-05
6.10352e-05
7.41482e-05
9.08375e-05
6.8903e-05
9.39369e-05
7.79629e-05
8.4877e-05
9.67979e-05
7.20024e-05
0.000101805
0.000109911
0.000113964
0.000113964
5.6982e-05
9.799e-05
0.000143051
5.98431e-05
6.00815e-05
6.38962e-05
9.58443e-05
4.98295e-05
7.39098e-05
9.799e-05
0.000112057
6.10352e-05
5.10216e-05
5.00679e-05
5.19753e-05
5.48363e-05
4.81606e-05
5.00679e-05
6.79493e-05
7.70092e-05
9.70364e-05
9.98974e-05
6.69956e-05
5.60284e-05
5.10216e-05
7.08103e-05
0.000103951
6.69956e-05
7.9155e-05
6.00815e-05
7.10487e-05
9.89437e-05
5.6982e-05
5.79357e-05
6.50883e-05
8.2016e-05
8.10623e-05
5.00679e-05
0.000124931
7.39098e-05
0.000145912
0.00010705
0.000154018
6.60419e-05
6.91414e-05
7.20024e-05
0.000111818
0.000129938
0.000104189
0.000138998
0.000146151
8.98838e-05
9.39369e-05
7.41482e-05
7.20024e-05
8.91685e-05
5.38826e-05
7.70092e-05
0.000100851
6.60419e-05
4.88758e-05
7.00951e-05
4.91142e-05
5.00679e-05
8.58307e-05
9.20296e-05
9.98974e-05
6.50883e-05
8.2016e-05
4.88758e-05
4.29153e-05
4.41074e-05
4.69685e-05
5.10216e-05
7.39098e-05
5.79357e-05
6.10352e-05
7.70092e-05
8.70228e-05
4.69685e-05
0.000128984
0.000185966
0.000134945
5.19753e-05
9.20296e-05
8.79765e-05
0.000137091
8.89301e-05
0.000129938
0.000108957
0.000160933
8.2016e-05
7.51019e-05
7.70092e-05
8.60691e-05
6.91414e-05
4.48227e-05
5.4121e-05
8.60691e-05
4.98295e-05
4.69685e-05
7.00951e-05
5.38826e-05
4.91142e-05
7.9155e-05
9.39369e-05
9.799e-05
4.69685e-05
4.41074e-05
5.29289e-05
9.39369e-05
6.91414e-05
9.48906e-05
9.98974e-05
0.000138998
5.29289e-05
7.51019e-05
4.1008e-05
9.60827e-05
0.000100851
8.39233e-05
0.000126123
0.000102043
6.41346e-05
8.89301e-05
7.70092e-05
6.19888e-05
7.89165e-05
8.01086e-05
0.000108004
0.000117064
5.4121e-05
6.10352e-05
4.88758e-05
6.69956e-05
9.5129e-05
5.10216e-05
5.19753e-05
7.39098e-05
4.60148e-05
5.10216e-05
7.10487e-05
4.91142e-05
4.79221e-05
5.50747e-05
4.69685e-05
5.00679e-05
7.70092e-05
6.91414e-05
7.00951e-05
6.19888e-05
9.20296e-05
6.8903e-05
7.10487e-05
0.000102043
6.10352e-05
6.38962e-05
6.19888e-05
4.88758e-05
0.000127792
0.000144958
0.000162125
0.000114918
5.79357e-05
5.91278e-05
6.79493e-05
5.79357e-05
0.000115156
7.70092e-05
8.89301e-05
0.000124216
5.07832e-05
4.50611e-05
5.4121e-05
9.10759e-05
5.50747e-05
5.4121e-05
7.51019e-05
0.00011301
7.20024e-05
7.89165e-05
6.29425e-05
5.00679e-05
6.00815e-05
5.38826e-05
7.29561e-05
9.799e-05
7.70092e-05
5.88894e-05
5.07832e-05
4.69685e-05
5.6982e-05
5.60284e-05
5.50747e-05
8.79765e-05
8.98838e-05
0.000100851
0.00010705
9.91821e-05
0.000150919
9.29832e-05
0.00019002
0.000193119
6.19888e-05
5.6982e-05
5.91278e-05
6.48499e-05
8.89301e-05
9.48906e-05
0.000139952
9.89437e-05
5.50747e-05
6.10352e-05
4.50611e-05
5.60284e-05
6.81877e-05
5.19753e-05
6.91414e-05
0.000124216
6.69956e-05
5.4121e-05
7.51019e-05
5.38826e-05
6.8903e-05
5.4121e-05
0.00010705
8.98838e-05
5.38826e-05
6.81877e-05
7.39098e-05
6.8903e-05
5.29289e-05
4.69685e-05
5.00679e-05
7.10487e-05
6.19888e-05
6.10352e-05
5.19753e-05
5.79357e-05
0.000120878
0.000138998
0.000164032
0.000164032
6.07967e-05
5.60284e-05
4.79221e-05
4.91142e-05
9.39369e-05
0.000100136
0.000108004
0.000128984
4.79221e-05
5.79357e-05
4.48227e-05
5.81741e-05
5.29289e-05
5.22137e-05
4.69685e-05
6.10352e-05
3.91006e-05
5.29289e-05
8.91685e-05
7.10487e-05
5.00679e-05
5.19753e-05
6.10352e-05
8.51154e-05
7.60555e-05
7.20024e-05
6.69956e-05
6.69956e-05
7.20024e-05
5.31673e-05
7.29561e-05
8.60691e-05
8.79765e-05
0.000100136
0.000113964
0.00013113
0.000129938
9.08375e-05
0.000156879
9.799e-05
5.88894e-05
6.31809e-05
0.000104904
7.51019e-05
8.08239e-05
7.70092e-05
9.48906e-05
0.000100136
5.91278e-05
8.98838e-05
9.60827e-05
0.000108004
7.10487e-05
5.00679e-05
5.22137e-05
0.000128031
5.31673e-05
8.98838e-05
5.60284e-05
7.39098e-05
6.69956e-05
4.79221e-05
5.6982e-05
7.89165e-05
6.19888e-05
7.10487e-05
4.91142e-05
7.10487e-05
4.50611e-05
4.88758e-05
4.60148e-05
5.50747e-05
7.39098e-05
9.70364e-05
0.000104904
7.82013e-05
9.20296e-05
0.000139952
0.000144958
0.000108004
6.10352e-05
5.81741e-05
6.79493e-05
0.000108957
8.39233e-05
7.79629e-05
9.01222e-05
0.00011611
4.50611e-05
5.57899e-05
5.57899e-05
8.08239e-05
9.08375e-05
8.01086e-05
8.4877e-05
0.000119925
6.10352e-05
6.8903e-05
7.79629e-05
8.4877e-05
9.48906e-05
6.19888e-05
6.69956e-05
7.31945e-05
4.91142e-05
5.50747e-05
6.69956e-05
7.20024e-05
6.41346e-05
6.10352e-05
7.10487e-05
0.000102043
6.48499e-05
9.20296e-05
5.38826e-05
0.000108004
0.00011301
0.000128031
0.000146866
0.000109911
9.70364e-05
6.81877e-05
9.41753e-05
0.000123978
8.89301e-05
8.10623e-05
9.20296e-05
0.000100851
5.81741e-05
5.91278e-05
5.91278e-05
7.00951e-05
6.60419e-05
4.22001e-05
4.60148e-05
6.81877e-05
6.19888e-05
6.69956e-05
9.39369e-05
9.29832e-05
4.41074e-05
4.50611e-05
5.19753e-05
9.29832e-05
6.10352e-05
6.8903e-05
8.41618e-05
0.000103951
0.000109911
5.07832e-05
5.88894e-05
9.70364e-05
5.4121e-05
0.000103951
0.000132084
7.70092e-05
0.000152826
0.000159025
0.000161886
8.4877e-05
7.9155e-05
5.6982e-05
7.98702e-05
8.51154e-05
0.000124931
8.67844e-05
9.5129e-05
0.00011301
7.70092e-05
5.38826e-05
4.81606e-05
5.22137e-05
7.10487e-05
4.50611e-05
6.10352e-05
7.60555e-05
4.79221e-05
5.10216e-05
5.50747e-05
4.69685e-05
5.50747e-05
5.98431e-05
5.19753e-05
8.39233e-05
5.29289e-05
5.29289e-05
8.91685e-05
4.79221e-05
5.00679e-05
6.79493e-05
8.70228e-05
0.000106812
6.29425e-05
6.69956e-05
8.2016e-05
9.89437e-05
0.00011301
0.00012207
0.000109911
0.000103951
6.10352e-05
9.89437e-05
6.00815e-05
5.60284e-05
6.41346e-05
0.000108004
0.000100136
0.000120163
5.88894e-05
6.60419e-05
5.88894e-05
5.38826e-05
5.29289e-05
5.88894e-05
5.98431e-05
8.39233e-05
5.48363e-05
6.00815e-05
4.31538e-05
7.82013e-05
5.79357e-05
6.10352e-05
6.19888e-05
9.08375e-05
8.60691e-05
5.29289e-05
5.19753e-05
4.79221e-05
5.60284e-05
8.4877e-05
0.000109911
0.000123978
9.89437e-05
9.98974e-05
0.000110865
0.000111818
0.000123978
0.000154972
0.000105858
0.000134945
5.50747e-05
0.000104904
6.50883e-05
7.70092e-05
6.00815e-05
8.41618e-05
0.000130892
0.000152826
6.00815e-05
5.31673e-05
5.60284e-05
6.29425e-05
7.79629e-05
5.60284e-05
5.07832e-05
5.98431e-05
6.10352e-05
5.29289e-05
5.29289e-05
5.10216e-05
4.72069e-05
4.69685e-05
4.69685e-05
5.60284e-05
7.00951e-05
6.91414e-05
4.3869e-05
6.50883e-05
6.19888e-05
5.4121e-05
6.91414e-05
8.01086e-05
8.82149e-05
9.20296e-05
9.5129e-05
0.000101089
9.89437e-05
0.000110149
0.000138998
0.000110149
6.69956e-05
6.10352e-05
0.000104904
6.48499e-05
7.60555e-05
0.000108004
9.08375e-05
0.000119925
8.79765e-05
9.29832e-05
0.000108957
4.41074e-05
7.20024e-05
5.60284e-05
0.000119925
0.00012207
6.50883e-05
6.79493e-05
4.60148e-05
6.79493e-05
6.69956e-05
6.98566e-05
0.000108004
0.00012517
9.39369e-05
9.67979e-05
9.08375e-05
6.79493e-05
9.70364e-05
4.60148e-05
5.81741e-05
7.10487e-05
5.4121e-05
5.48363e-05
9.70364e-05
5.4121e-05
9.01222e-05
0.000137091
0.000164986
0.000178814
6.00815e-05
5.38826e-05
5.00679e-05
5.10216e-05
6.50883e-05
0.000144958
0.000145912
0.000146151
4.69685e-05
5.50747e-05
5.31673e-05
4.88758e-05
5.48363e-05
6.48499e-05
6.19888e-05
8.39233e-05
7.00951e-05
4.88758e-05
5.57899e-05
4.50611e-05
4.91142e-05
5.19753e-05
4.79221e-05
5.29289e-05
7.00951e-05
7.51019e-05
4.79221e-05
4.41074e-05
5.50747e-05
5.19753e-05
4.60148e-05
5.60284e-05
6.91414e-05
9.10759e-05
9.5129e-05
0.000103951
0.000119209
5.00679e-05
0.000133991
9.89437e-05
6.69956e-05
5.60284e-05
7.29561e-05
8.89301e-05
0.000133038
9.29832e-05
0.000138044
0.000133991
6.50883e-05
4.79221e-05
7.58171e-05
9.89437e-05
5.60284e-05
6.10352e-05
5.10216e-05
7.70092e-05
7.10487e-05
6.69956e-05
6.79493e-05
4.79221e-05
6.58035e-05
4.69685e-05
5.91278e-05
7.20024e-05
9.01222e-05
7.48634e-05
4.79221e-05
7.20024e-05
9.41753e-05
9.58443e-05
0.000102043
0.000136852
6.79493e-05
8.70228e-05
9.70364e-05
0.000102997
0.000131845
0.000135899
5.88894e-05
0.000105143
6.48499e-05
8.4877e-05
0.000103951
7.10487e-05
6.79493e-05
0.000104904
0.000156164
0.000131845
6.48499e-05
6.60419e-05
5.31673e-05
7.60555e-05
9.20296e-05
5.79357e-05
5.79357e-05
5.91278e-05
5.10216e-05
4.79221e-05
4.60148e-05
6.98566e-05
5.31673e-05
9.39369e-05
0.00012207
0.000105143
7.51019e-05
7.00951e-05
5.81741e-05
9.20296e-05
6.8903e-05
9.41753e-05
0.000100136
0.000135899
8.2016e-05
0.000173807
0.000117064
0.000124931
0.000128984
0.000133991
0.000132084
0.000210047
0.00010705
0.000138998
0.000117064
0.000108957
0.000111818
0.000118017
0.000117064
0.000159025
9.29832e-05
7.29561e-05
5.31673e-05
5.81741e-05
8.91685e-05
9.5129e-05
8.89301e-05
0.000112057
8.70228e-05
9.29832e-05
7.10487e-05
4.60148e-05
5.38826e-05
4.3869e-05
5.00679e-05
6.8903e-05
6.69956e-05
7.08103e-05
7.20024e-05
7.29561e-05
9.39369e-05
9.98974e-05
0.000103951
0.000115871
6.91414e-05
0.000100136
0.000106096
5.19753e-05
0.000152826
0.000158072
0.000167131
0.000184059
