0.00349689
0.00451684
0.00465894
0.00566316
0.00726819
0.00891399
0.010195
0.0113459
0.00227594
0.00114202
0.0013299
0.00067091
0.00117493
0.00239205
0.00239897
0.00176907
0.00316596
0.000819921
0.000370979
0.000321865
0.000539064
0.000971079
0.00058794
0.00103998
0.00109696
0.000860929
0.00118804
0.00139809
0.00122309
0.000705957
0.00127316
0.0016799
0.000329018
0.000571966
0.00103402
0.0014329
0.00197411
0.00256014
0.00298905
0.00351405
0.000303984
0.000370026
0.000846863
0.00131083
0.00184798
0.00231695
0.00291896
0.00345898
0.000261068
0.000414133
0.000298023
0.000767946
0.000859022
0.00135303
0.00134993
0.00186491
0.000355959
0.000333071
0.000742912
0.000824928
0.00136113
0.000931025
0.0015161
0.00200701
0.000824928
0.000751972
0.000823975
0.00082612
0.000861883
0.00138783
0.00155401
0.0020709
0.00028801
0.000446081
0.00100803
0.00143003
0.001899
0.00245309
0.00293398
0.00339198
0.000290871
0.000456095
0.00084281
0.00131488
0.00183487
0.0023911
0.00234318
0.00340509
0.000262976
0.000432014
0.000299931
0.000751972
0.00120807
0.000915051
0.00141215
0.00194097
0.00126386
0.000779152
0.000681162
0.00125504
0.000860929
0.000915051
0.00141501
0.00190091
0.00131989
0.000876904
0.00123501
0.00179005
0.000860929
0.00135493
0.00135684
0.001899
0.000252962
0.000434875
0.00081706
0.0013411
0.00182199
0.00229406
0.00281596
0.00336504
0.000256777
0.000437975
0.000838041
0.001266
0.0018549
0.00238991
0.00295591
0.00344896
0.000366926
0.000569105
0.000561953
0.00104785
0.00100398
0.001055
0.00158811
0.00211215
0.00159788
0.00114703
0.00151706
0.000488043
0.000446796
0.00100303
0.00113416
0.00172305
0.00124002
0.00156999
0.00170183
0.00103998
0.00154591
0.000952959
0.00149083
0.00206304
0.00027895
0.000451088
0.000922918
0.0014801
0.00202608
0.0024271
0.00316715
0.00375414
0.000293016
0.000429869
0.000854969
0.00124598
0.00188708
0.00247407
0.003016
0.00357914
0.000604868
0.000608921
0.000780106
0.000648022
0.00128102
0.00134087
0.00188994
0.00250912
0.001544
0.00104904
0.00128484
0.0018549
0.00115609
0.00177097
0.00174689
0.00220013
0.00160789
0.0011301
0.000694036
0.00127816
0.00191879
0.000677824
0.00129104
0.00184393
0.000247002
0.000422001
0.000835896
0.00139594
0.00200605
0.00254178
0.00317001
0.00361705
0.00026989
0.000383854
0.000937939
0.00149298
0.00206995
0.00254416
0.0031631
0.00378799
0.000547886
0.000668049
0.000846148
0.00138998
0.00135994
0.000648022
0.00125313
0.0018661
0.000679016
0.0012939
0.00191903
0.00216222
0.00107408
0.00101113
0.00156689
0.00213194
0.00115895
0.00162005
0.00177598
0.00224805
0.00112104
0.00099206
0.00101113
0.00161386
0.000281096
0.000458956
0.000962973
0.00161982
0.00208592
0.00277805
0.003304
0.00382495
0.000270844
0.000394821
0.000851154
0.00157499
0.00208807
0.00263309
0.00318789
0.00370598
0.000974894
0.000472069
0.000638008
0.00048995
0.00114894
0.001261
0.00181079
0.00237894
0.000897169
0.00142813
0.000921011
0.00099206
0.00105786
0.00106502
0.00171089
0.001719
0.00154185
0.00100899
0.00167704
0.0010879
0.001647
0.00161695
0.00183105
0.00183201
0.000249147
0.000413895
0.000905037
0.00139904
0.00184393
0.00247407
0.00316596
0.00379491
0.000270128
0.000477076
0.000961781
0.00149512
0.00213194
0.002738
0.00344992
0.00398707
0.000459909
0.000629902
0.000663996
0.000702143
0.00124383
0.00177407
0.00171185
0.00231695
0.000969887
0.000422001
0.000961065
0.00108314
0.001616
0.00158906
0.000977039
0.00162101
0.00106812
0.00159621
0.00110507
0.00102019
0.00152707
0.00212288
0.00162601
0.0021081
0.000295877
0.000505924
0.000946045
0.00152493
0.00218987
0.0030489
0.00354004
0.00410604
0.000280142
0.000463009
0.000905991
0.00149894
0.00208187
0.00263596
0.00334191
0.00391197
0.000625134
0.000513077
0.00100207
0.000643015
0.00121498
0.000216007
0.00026989
0.000432968
0.000921965
0.000977039
0.00156903
0.0017302
0.000517845
0.000549793
0.0010829
0.0015831
0.00120115
0.00164318
0.00179696
0.00235105
0.001194
0.00172281
0.00175309
0.00232887
0.000276089
0.000461102
0.000956059
0.00154305
0.00216198
0.00265384
0.00339103
0.00374699
0.000288963
0.000452042
0.000968933
0.00154591
0.00217509
0.00270009
0.00331402
0.00388503
0.000646114
0.000291824
0.000387907
0.000733852
0.000692844
0.00124812
0.00118208
0.00164986
0.00123096
0.00119305
0.000545979
0.00104213
0.00122905
0.000383139
0.000873089
0.00133014
0.00124002
0.00124502
0.00123096
0.000771046
0.00125194
0.000643969
0.00109792
0.00160384
0.000286102
0.000463963
0.000844002
0.00126195
0.00169897
0.00220013
0.002635
0.00299907
0.000257969
0.00037384
0.00078392
0.00126004
0.00182486
0.002316
0.00278807
0.00330997
0.00121307
0.000824928
0.00078392
0.0013051
0.00081706
0.00134802
0.00145698
0.00195003
0.00138998
0.000921965
0.000349998
0.000813007
0.00124788
0.00177288
0.00138402
0.00186491
0.000890017
0.000302076
0.000319004
0.000761032
0.00136209
0.000427008
0.000948906
0.00140405
0.000254869
0.000432968
0.0008111
0.00134897
0.00190091
0.00236607
0.00276709
0.00340414
0.000256062
0.000365973
0.000913858
0.00137401
0.00184202
0.00231194
0.00288582
0.0033741
0.000316143
0.000801086
0.000725985
0.000902891
0.000807047
0.00126815
0.00139308
0.00187397
0.000248909
0.000301838
0.000280142
0.000742912
0.00125408
0.000845909
0.00132489
0.00184417
0.000405073
0.000358105
0.000886917
0.00139403
0.000916958
0.00107384
0.0016191
0.00218606
0.000278234
0.000455141
0.000833988
0.00136685
0.00191498
0.00232506
0.00290704
0.00338507
0.000264883
0.000465155
0.000969887
0.00145197
0.00202394
0.00267601
0.00328207
0.00384307
0.000432014
0.000843048
0.000617981
0.000782013
0.000589848
0.00182605
0.00177288
0.00228286
0.0017221
0.00156379
0.000565052
0.00114298
0.001055
0.00103498
0.00152707
0.00209308
0.00173402
0.00143099
0.00168395
0.00212312
0.00102091
0.00149083
0.00166297
0.00228596
0.000259876
0.0004282
0.00085187
0.00141692
0.00197005
0.002388
0.00371504
0.0041039
0.000272036
0.000368834
0.000926018
0.00138497
0.00199604
0.00269508
0.00330091
0.00386405
0.00170684
0.000403166
0.00104403
0.00106692
0.000996828
0.00157309
0.00187016
0.00232887
0.0014832
0.000978947
0.000411034
0.000863791
0.00133991
0.00178409
0.00142503
0.00195408
0.000922918
0.000990152
0.00145888
0.000901937
0.00145698
0.0023129
0.00196815
0.00244379
0.00031209
0.000472069
0.000961781
0.00152898
0.00221801
0.00271893
0.00333214
0.00383496
0.00029397
0.000438929
0.00100493
0.00146508
0.00205803
0.00275302
0.00326514
0.00394297
0.000632048
0.00128698
0.000795841
0.00132799
0.00114703
0.00109911
0.00188518
0.00250101
0.000701189
0.00133014
0.00194001
0.00181985
0.00174999
0.00226498
0.00180387
0.00244093
0.00136709
0.001297
0.000952005
0.00106001
0.000946045
0.00154495
0.00173283
0.00234389
0.000267982
0.000444889
0.000889778
0.00145102
0.00187588
0.00245595
0.00320792
0.00381207
0.000319004
0.000478029
0.000972986
0.00158596
0.00220609
0.00278592
0.00341415
0.00403619
0.000563145
0.000895023
0.00101686
0.000543118
0.00116205
0.00135088
0.0019331
0.00250101
0.00107694
0.000458956
0.00107503
0.001508
0.000756025
0.00121808
0.00183392
0.00242114
0.00123096
0.00157809
0.00173306
0.00155282
0.00115395
0.00173116
0.00200295
0.00260282
0.000251055
0.000437975
0.000887871
0.001441
0.00197601
0.00246906
0.00308108
0.00359511
0.000248909
0.000384092
0.000939131
0.00167394
0.00242805
0.0029459
0.00357103
0.00419903
0.000469923
0.000623941
0.000556946
0.000552893
0.00111508
0.00168896
0.00182796
0.00236797
0.00158
0.000427961
0.000914812
0.00106096
0.000684023
0.00227785
0.00190401
0.00245595
0.00107408
0.000458002
0.000422955
0.00103283
0.00160098
0.00119114
0.00167799
0.00230503
0.00029397
0.000465155
0.000914097
0.00141406
0.00190902
0.00239706
0.00310707
0.00363779
0.00029397
0.000412941
0.000967979
0.00152802
0.00202298
0.00268221
0.00326395
0.003824
0.000417948
0.000430107
0.000594854
0.000778198
0.000574827
0.00136113
0.00195193
0.00241899
0.00102401
0.00128293
0.00192595
0.00227404
0.00129914
0.00185204
0.00172901
0.00230885
0.00113606
0.000988007
0.00156808
0.00138497
0.00170493
0.00214601
0.0016129
0.00220203
0.00029707
0.000473022
0.000963926
0.00160003
0.00207901
0.0026741
0.00332403
0.00387096
0.00028801
0.000470161
0.000841856
0.0013721
0.00139284
0.00198412
0.00274014
0.003263
0.00028801
0.000415087
0.00095892
0.00107598
0.00169015
0.002321
0.00242281
0.00292397
0.000831842
0.000271082
0.00037694
0.000658035
0.00110006
0.00162315
0.00128007
0.00171614
0.00112391
0.000294209
0.000566006
0.000899076
0.00117993
0.00163889
0.00135183
0.00179291
0.000267982
0.000442982
0.000849009
0.00134611
0.00179601
0.00226307
0.00268793
0.00309014
0.000275135
0.000456095
0.000791788
0.0012579
0.00176477
0.00220513
0.00268602
0.00319314
0.000249863
0.000267029
0.000434875
0.000820875
0.000918865
0.000895023
0.00134206
0.00190306
0.000818014
0.000709057
0.00114703
0.00165892
0.000761986
0.00131893
0.00142503
0.00186801
0.000302076
0.000718832
0.00126696
0.00123096
0.00155377
0.00201201
0.0016439
0.00211692
0.000250816
0.000427961
0.000874043
0.00138497
0.00187922
0.00229096
0.00286508
0.0031929
0.000252008
0.000426054
0.000889063
0.00135112
0.001858
0.00236082
0.00285697
0.00339079
0.00036788
0.000344038
0.000325918
0.000482082
0.00090909
0.000830889
0.00138402
0.00182891
0.000308037
0.000766993
0.00068903
0.0011971
0.000737906
0.00112915
0.00164604
0.00218916
0.00173903
0.00099802
0.00146008
0.00187111
0.000627995
0.00106001
0.00106692
0.00161505
0.000270844
0.000433922
0.00083518
0.00131798
0.00180793
0.00227809
0.0028789
0.00328398
0.000296116
0.000441074
0.000895977
0.00140882
0.00187802
0.00233722
0.0028069
0.0032959
0.000281096
0.000345945
0.000360012
0.000526905
0.000472069
0.0014329
0.00149798
0.00211883
0.000433922
0.000337124
0.000494003
0.000852108
0.000832081
0.0013392
0.00137401
0.00194812
0.00147486
0.00099206
0.00162292
0.00113916
0.0017302
0.00118804
0.00172687
0.00224686
0.000231028
0.000411987
0.000887871
0.00145984
0.00201607
0.00259805
0.00305104
0.00354695
0.00030303
0.000481129
0.000946045
0.00157404
0.00214291
0.00281906
0.00337505
0.00396109
0.000440121
0.000337839
0.000402927
0.000581026
0.000955105
0.00083518
0.00135803
0.00200009
0.000995159
0.00160599
0.00130606
0.00184989
0.00104094
0.00163603
0.00165796
0.00225806
0.000570059
0.00222206
0.00174594
0.00103998
0.00152898
0.000464916
0.000288963
0.000437975
0.000254154
0.000437021
0.000887871
0.00137806
0.00205302
0.00251794
0.00307608
0.00371194
0.000266075
0.000446081
0.000916004
0.00155187
0.00207591
0.00262499
0.00328302
0.0038259
0.000546932
0.00121093
0.000672817
0.000838041
0.00056386
0.00187993
0.00171304
0.00223708
0.00163102
0.00111794
0.00177813
0.00131083
0.001858
0.001194
0.00179601
0.00229597
0.00107217
0.00149894
0.00106812
0.00159907
0.00114393
0.00175691
0.00170302
0.00223804
0.000283003
0.000451803
0.00107503
0.00166106
0.00219488
0.00276208
0.00333309
0.00380301
0.000286102
0.000458002
0.000889778
0.00137091
0.00185084
0.00264716
0.00312901
0.00370097
0.000504971
0.000603914
0.000383854
0.00060606
0.00115299
0.00181007
0.00174284
0.00226498
0.00117612
0.000509024
0.000957012
0.00120711
0.00179005
0.00214005
0.001688
0.00231099
0.00120783
0.000652075
0.00124907
0.00155783
0.00188899
0.00115204
0.00171089
0.00230384
0.000265837
0.000433922
0.000915051
0.00148296
0.00204587
0.00273299
0.00327706
0.00390005
0.000315905
0.000492096
0.00106311
0.00167918
0.00226283
0.00275683
0.0034771
0.00422001
0.000293016
0.000476837
0.000527143
0.00116706
0.00174403
0.001755
0.00237799
0.00300193
0.00195098
0.00115013
0.00184488
0.000512123
0.00114393
0.00175285
0.00180888
0.00235987
0.00100088
0.000455856
0.000496864
0.00103807
0.00152898
0.000849962
0.00145602
0.00227714
0.000239134
0.000409126
0.000822783
0.00137496
0.00192714
0.00244594
0.00316
0.003654
0.000287056
0.000374079
0.00100684
0.00153184
0.00207901
0.00261402
0.00327396
0.00384498
0.000265837
0.000447989
0.000838995
0.00134897
0.00123
0.00116706
0.00172997
0.00229192
0.00169802
0.00107193
0.00170302
0.000563145
0.00116706
0.00125289
0.00178885
0.00243783
0.00114703
0.000725031
0.00160003
0.00184393
0.00111604
0.00172091
0.00170588
0.00224614
0.000264883
0.000447989
0.000916958
0.00160694
0.00223804
0.00277805
0.00336599
0.00386691
0.000294924
0.000465155
0.000879049
0.00143194
0.00214601
0.00272489
0.00336003
0.00402689
0.000272036
0.000421047
0.000728846
0.00105619
0.00119305
0.00183582
0.001894
0.002455
0.00106406
0.000519037
0.000744104
0.00119996
0.00170493
0.00197983
0.00134611
0.00180387
0.00117183
0.000386953
0.000713825
0.000766993
0.00190401
0.00178194
0.00133801
0.00198293
0.000313997
0.000492096
0.00106502
0.00155997
0.00216389
0.00244689
0.00299406
0.00346398
0.00026679
0.000464916
0.000825167
0.00130391
0.00181103
0.00240993
0.00296283
0.0035851
0.000463963
0.00029397
0.000295162
0.000644922
0.00081706
0.00128007
0.00159502
0.00207996
0.000843048
0.000252008
0.000344038
0.000967979
0.00146008
0.00192189
0.00129199
0.00174308
0.000319958
0.000483036
0.000854969
0.00137806
0.00134897
0.00193882
0.00141788
0.001894
0.000304937
0.000460148
0.000971079
0.00147605
0.00193596
0.00252008
0.00310111
0.00348401
0.000262976
0.000432968
0.000710964
0.00127482
0.00173092
0.00236702
0.00292802
0.00351405
0.000411987
0.000563145
0.000373125
0.000293016
0.000771999
0.000977993
0.00154686
0.00210118
0.00135708
0.000734091
0.000710011
0.00118899
0.000873804
0.000799894
0.00128984
0.00211
0.00172782
0.00192809
0.00183892
0.00140619
0.000797033
0.000739813
0.0013361
0.0017879
0.000293016
0.000467062
0.000800133
0.0012989
0.00178003
0.00223804
0.00284195
0.00426507
0.000267982
0.000443935
0.000952005
0.00140691
0.00201011
0.00254488
0.00317812
0.00378489
0.00077486
0.000726938
0.000695229
0.00062108
0.00116301
0.00102401
0.00168395
0.00230718
0.00159192
0.000544786
0.0010159
0.00158501
0.00169015
0.00224495
0.00184107
0.00238585
0.00180292
0.00114894
0.00175905
0.001122
0.00160885
0.00234699
0.00176787
0.00233006
0.000279903
0.000453949
0.000902891
0.00151992
0.00209618
0.00257683
0.00311184
0.00369096
0.000294924
0.000472069
0.000942945
0.00141811
0.00192404
0.0024581
0.00306606
0.00349903
0.000383854
0.00102305
0.000972033
0.000683784
0.00138593
0.00120091
0.00176692
0.00233412
0.00169182
0.000789165
0.00127506
0.00144815
0.00161695
0.00193214
0.00160098
0.00209999
0.00134706
0.001544
0.00178695
0.00164318
0.00166321
0.000984192
0.00151992
0.00248003
0.000272036
0.000461817
0.000972986
0.00155902
0.00204706
0.00253987
0.00324416
0.00382805
0.000321865
0.000487089
0.000902176
0.00139904
0.00195909
0.00255394
0.00314689
0.00368214
0.000397921
0.00039196
0.000705004
0.000884056
0.00142503
0.00180912
0.00132895
0.00184989
0.00060606
0.000433922
0.00103498
0.00117302
0.00162387
0.00217199
0.00172806
0.00240803
0.00180197
0.00263619
0.00152302
0.00156307
0.00208211
0.00116801
0.00173998
0.00229597
0.000296116
0.000451088
0.000936985
0.00140405
0.001966
0.0026288
0.00318694
0.00375605
0.000326872
0.000492811
0.000890017
0.0015142
0.0021112
0.0026741
0.00323915
0.003793
0.00048399
0.000402927
0.000566959
0.000935078
0.000952959
0.000864983
0.00138402
0.00192904
0.000421047
0.00100279
0.00161386
0.00067687
0.00118089
0.00182009
0.0016849
0.00230789
0.00122309
0.00135398
0.00108314
0.000545025
0.00109601
0.0010891
0.00169683
0.0022099
0.000258923
0.000445843
0.000901937
0.00160885
0.00224495
0.002707
0.00327921
0.00373507
0.000317097
0.000394106
0.000925064
0.00156903
0.00211
0.00272417
0.00334287
0.00387812
0.000411034
0.000568151
0.0004251
0.00115705
0.001688
0.00165296
0.00217485
0.00275302
0.00145507
0.000633001
0.00114799
0.00148082
0.00163603
0.00225616
0.00171685
0.00241804
0.00146699
0.00184894
0.00191712
0.00171089
0.00177312
0.00212598
0.00167203
0.00214911
0.000268936
0.000437021
0.000916004
0.00150704
0.00211811
0.00267315
0.00318193
0.00388002
0.000259876
0.000390053
0.000884056
0.001508
0.0021379
0.00274992
0.0032289
0.00383186
0.000253916
0.000447989
0.000856876
0.000524998
0.00108504
0.00123286
0.00185895
0.00247502
0.00121212
0.00157309
0.00106907
0.0016799
0.00100803
0.00162601
0.00176692
0.00240707
0.00160503
0.00114608
0.00103593
0.00103998
0.00156713
0.00209498
0.00166488
0.00227404
0.000324011
0.000539064
0.001019
0.00158405
0.00213695
0.00280094
0.00341511
0.0040071
0.0017159
0.00178695
0.00236893
0.00243115
0.00304389
0.00363278
0.00422597
0.00484204
0.000261068
0.000267029
0.000742912
0.000540018
0.00107503
0.00136614
0.00190616
0.00253701
0.00145698
0.00206804
0.001158
0.00177097
0.00102305
0.000991106
0.00169706
0.00222397
0.000641108
0.00127101
0.00173211
0.00226498
0.00100303
0.00101519
0.00145602
0.00189114
0.000277042
0.000457048
0.000889063
0.00132585
0.00190306
0.00234413
0.00278997
0.00320196
0.000287056
0.000457048
0.000798941
0.00127506
0.001724
0.0022471
0.00268221
0.00317693
0.000257969
0.000261068
0.000348806
0.000537872
0.000867844
0.000803947
0.0012691
0.00177884
0.000298977
0.000243902
0.00064683
0.00114989
0.000620842
0.000688791
0.00115895
0.001652
0.000772953
0.00119781
0.00122094
0.0017271
0.000660896
0.00110483
0.00113106
0.00162196
0.000287056
0.000444889
0.000848055
0.00138402
0.00180006
0.00255799
0.00292802
0.00350809
0.000293016
0.000500202
0.000926018
0.00136304
0.00184393
0.002352
0.00282812
0.00326681
0.000250816
0.000427961
0.000530958
0.00100112
0.000921965
0.000995159
0.00148988
0.00199604
0.00138187
0.00143504
0.001441
0.00191188
0.000795841
0.000746012
0.00125194
0.00174212
0.00131106
0.00154996
0.00227904
0.00271797
0.00159907
0.00210404
0.00194502
0.0024271
0.000271082
0.000467062
0.000864029
0.00141597
0.00189781
0.00230098
0.0028789
0.0032661
0.000251055
0.000394106
0.000956059
0.00136614
0.00204802
0.00264883
0.00315404
0.0036509
0.000248909
0.000411987
0.000607967
0.000781059
0.00114107
0.00102115
0.00154614
0.00205708
0.00146604
0.00101209
0.00103688
0.00159192
0.000786066
0.00137806
0.00147295
0.00210094
0.00164509
0.00117397
0.00180793
0.00164413
0.00154495
0.000988007
0.00156403
0.00214291
0.000276089
0.000446796
0.000896931
0.00146699
0.0020988
0.00261497
0.0030129
0.00369096
0.000293016
0.000463963
0.000841856
0.00147605
0.00210118
0.00265002
0.00318885
0.00374985
0.000468969
0.000638962
0.000403881
0.000624895
0.00118113
0.00178003
0.00165987
0.00220704
0.0014379
0.000355959
0.000522137
0.00107193
0.00160599
0.00224113
0.00171995
0.00226498
0.000427008
0.000593901
0.000684023
0.00172591
0.00187588
0.00219202
0.00163794
0.0022099
0.000283957
0.000460863
0.00082612
0.00136995
0.00194907
0.00239301
0.00307322
0.00340199
0.000289202
0.000430107
0.000942945
0.0014019
0.00200891
0.00250411
0.00309992
0.0037632
0.000555992
0.00071907
0.00049305
0.000638962
0.0010879
0.00125313
0.00184393
0.00241017
0.00172496
0.000854015
0.000967026
0.00158501
0.00120687
0.00123405
0.00184798
0.00238609
0.00173116
0.00153613
0.00169301
0.00210404
0.00118303
0.00111389
0.00172997
0.002249
0.000262976
0.000432968
0.000926018
0.00143504
0.00196695
0.00248408
0.0031271
0.00369906
0.00029397
0.000472069
0.000972986
0.00151396
0.00217009
0.00272703
0.00334191
0.00392509
0.00028491
0.000468969
0.000240803
0.000813007
0.00141597
0.00155997
0.0021739
0.00281715
0.00127006
0.00174117
0.00128317
0.00179505
0.00129914
0.00194788
0.00189996
0.00244498
0.00182605
0.0013361
0.0019331
0.00125289
0.00188017
0.00216007
0.00177789
0.00238895
0.000230074
0.0003829
0.00087595
0.00152302
0.00208807
0.00257206
0.00321198
0.00380301
0.000262022
0.00048995
0.000810862
0.00133705
0.00195694
0.002635
0.00312209
0.00376487
0.000292063
0.000460863
0.000307798
0.00077796
0.00127888
0.00130987
0.00192904
0.00250411
0.000519991
0.000509977
0.00108194
0.000503063
0.00107598
0.00165987
0.00158405
0.00211191
0.00107098
0.000679016
0.00102901
0.00123596
0.00171208
0.000892162
0.00146723
0.00211501
0.000250101
0.000422955
0.000857115
0.00147104
0.00195289
0.00255489
0.00314283
0.00361085
0.000272036
0.000447035
0.00090313
0.00150609
0.00217795
0.002702
0.00319505
0.0038631
0.000400066
0.000420809
0.000627041
0.000770092
0.00124598
0.001652
0.00127506
0.00202799
0.000703096
0.000600815
0.00107813
0.00140882
0.00141597
0.00197697
0.00154996
0.00204897
0.00101709
0.00154901
0.0016849
0.00123596
0.00182104
0.00232983
0.00189495
0.00245595
0.000246048
0.000415087
0.000936031
0.00155807
0.00214195
0.00267196
0.00318217
0.00378203
0.000302076
0.000482082
0.000968933
0.00140882
0.0018971
0.00250006
0.00319099
0.00367808
0.000470161
0.000651836
0.000705004
0.00114608
0.00140405
0.00203705
0.00183177
0.00249887
0.00118113
0.00115395
0.000984907
0.00128102
0.00206017
0.00189304
0.00148511
0.0020299
0.00105309
0.000680923
0.00123596
0.00107813
0.00174499
0.00104403
0.00173903
0.00216079
0.000303984
0.000463009
0.000899076
0.0015521
0.0020349
0.00262213
0.00311208
0.00350618
0.000337124
0.000355005
0.00102901
0.00165701
0.00199389
0.00262618
0.00316906
0.00374007
0.00109291
0.000275135
0.00039506
0.00030899
0.000829935
0.000836134
0.00135303
0.00183916
0.000822067
0.000907183
0.000823021
0.00137305
0.000970125
0.000928164
0.00145197
0.00198793
0.00142384
0.000913858
0.00138307
0.00026083
0.000799894
0.000876904
0.00132513
0.00183606
0.000307083
0.000460863
0.000822067
0.00132012
0.00178194
0.00233889
0.00281501
0.00325012
0.000272036
0.000416994
0.000929117
0.00141692
0.00190091
0.00238585
0.00288296
0.00342703
0.000313044
0.000882864
0.001055
0.000627041
0.00117707
0.00106812
0.00151801
0.0022378
0.00151992
0.00102401
0.00130391
0.00189209
0.00102615
0.000946999
0.00151205
0.00200295
0.0016129
0.00111914
0.00179482
0.00176311
0.00233006
0.00279403
0.00237989
0.00290012
0.000261068
0.000438929
0.000891924
0.00145292
0.00185895
0.00245309
0.00285697
0.00348902
0.000325918
0.000403166
0.000931025
0.00142789
0.00185323
0.00239277
0.00282598
0.00335312
0.000350952
0.000507116
0.000371933
0.000860929
0.000839949
0.00138402
0.00139403
0.00194907
0.0015161
0.001477
0.00143719
0.00145197
0.00132489
0.00182605
0.00129509
0.00181699
0.00141597
0.00140095
0.00137401
0.001122
0.00162292
0.00213099
0.00172687
0.00232077
0.000262022
0.000430107
0.000868082
0.00140095
0.00193
0.00252318
0.00299501
0.00361586
0.000375986
0.000545979
0.000941038
0.00140309
0.00188494
0.00245118
0.0030551
0.00362706
0.000622988
0.000833035
0.000617981
0.00122881
0.000727892
0.00132298
0.00191092
0.00250387
0.00050211
0.000431061
0.000632048
0.001019
0.00107002
0.00113487
0.00178599
0.00221181
0.00148106
0.000984192
0.00151801
0.00172186
0.00167799
0.00110102
0.00172997
0.00232601
0.000310898
0.000514984
0.000983
0.00160599
0.00208712
0.00269818
0.00318003
0.00370908
0.000302076
0.000427008
0.000954151
0.00152397
0.00218701
0.00286508
0.00337195
0.00388217
0.000360012
0.000505924
0.000666142
0.00101995
0.00112796
0.00177097
0.00172997
0.00233507
0.00172997
0.00155401
0.00169301
0.00156689
0.00172997
0.001122
0.00161886
0.0022049
0.00155807
0.00160789
0.00197887
0.00228119
0.00139403
0.00198007
0.00186396
0.00236607
0.000289917
0.000454903
0.000933886
0.00149488
0.00219107
0.00268507
0.00321198
0.00385714
0.000253201
0.000428915
0.000901937
0.0014801
0.00214791
0.00285888
0.00341702
0.00402093
0.000304937
0.000486135
0.000965118
0.00118017
0.00178099
0.00164604
0.00223613
0.00267291
0.000989199
0.0016892
0.00123096
0.00241899
0.00184107
0.00258899
0.0025382
0.00306702
0.00131702
0.00141501
0.00196099
0.00174594
0.00191307
0.00222993
0.00165796
0.00224209
0.000248194
0.000403881
0.000886917
0.00140214
0.00208306
0.00253105
0.00310493
0.00381303
0.000319958
0.000432014
0.000900984
0.00142407
0.00196815
0.00262284
0.00331807
0.00380492
0.000272989
0.000460148
0.000954151
0.00105906
0.00167608
0.00238395
0.00233817
0.00288606
0.00120306
0.000601053
0.000715017
0.00189495
0.00201893
0.00120497
0.00190496
0.0024631
0.000666142
0.000691175
0.00126982
0.00170708
0.00128698
0.00186396
0.00180888
0.00237012
0.000277042
0.000463009
0.0009408
0.00157499
0.00213194
0.0028019
0.00341797
0.00393701
0.000260115
0.000505924
0.000983
0.00140786
0.00197196
0.00258112
0.00312495
0.0036931
0.000503063
0.000380993
0.000527859
0.000444889
0.00103617
0.0016048
0.001899
0.00255299
0.00134611
0.000751019
0.00114703
0.00115609
0.00184202
0.00124788
0.00184107
0.00235796
0.00117278
0.000486851
0.00107694
0.00166392
0.00173998
0.00215888
0.00169921
0.0023191
0.000257015
0.000437021
0.000931978
0.00152898
0.00208092
0.00271392
0.00307393
0.00380588
0.000277996
0.000389099
0.000972033
0.00156999
0.00217891
0.00280094
0.00336194
0.00400686
0.00120878
0.00161099
0.000570059
0.00107622
0.0012939
0.00191212
0.00184393
0.002424
0.000999928
0.00117207
0.00121713
0.001405
0.00193191
0.00115204
0.00168514
0.00228715
0.00115299
0.00114393
0.001266
0.00191808
0.00114703
0.00128794
0.00188708
0.00248599
0.000291824
0.000463963
0.000941992
0.00151014
0.00210309
0.00261283
0.00315213
0.00347114
0.000298977
0.000477791
0.000800133
0.00127101
0.00171995
0.00219297
0.00265908
0.00324512
0.000283003
0.000452042
0.000838041
0.00069809
0.00119495
0.00125813
0.00174308
0.00223899
0.000962019
0.000873804
0.000767946
0.0012219
0.000666857
0.00109982
0.00114417
0.00166893
0.00127292
0.00132084
0.00131297
0.00142384
0.00134993
0.00186706
0.00133395
0.00181389
0.000298977
0.000466108
0.000833035
0.00132012
0.00181389
0.0023551
0.00277615
0.00322914
0.000287056
0.000424862
0.000842094
0.00124598
0.00178981
0.00224996
0.00276709
0.00323296
0.00026989
0.00028491
0.000386
0.000790119
0.000756979
0.00127292
0.00135183
0.00185013
0.000415087
0.000746012
0.000773907
0.000869989
0.00121498
0.00170207
0.00127196
0.00176716
0.000778913
0.000254869
0.000444889
0.000733852
0.00121713
0.00170779
0.0013721
0.00180793
0.000274897
0.000426054
0.000846863
0.00123096
0.00179005
0.00221992
0.00283599
0.00335717
0.000270844
0.000432014
0.000845194
0.00173402
0.00213599
0.00267982
0.00318003
0.00364113
0.000252962
0.000668049
0.000272989
0.000303984
0.000758171
0.00062108
0.00117087
0.00162792
0.00122714
0.000952959
0.00086689
0.00139093
0.000781059
0.000633955
0.00111604
0.00162005
0.00116897
0.000860929
0.00135612
0.00145388
0.00152302
0.0010438
0.00153494
0.00203586
0.00031805
0.00049901
0.000885963
0.00150681
0.00197816
0.00254011
0.00322604
0.00377488
0.000276089
0.000456095
0.000937939
0.00154591
0.0021081
0.0027101
0.00335622
0.00392699
0.000530958
0.000416994
0.000448942
0.000610113
0.00113201
0.0011971
0.00178599
0.00234294
0.000520945
0.000422955
0.0010221
0.000473976
0.000972986
0.00112605
0.00161815
0.00219011
0.00109005
0.00160193
0.00113106
0.00168419
0.00121093
0.00178385
0.00168109
0.00226521
0.000291824
0.000469923
0.000991106
0.00148296
0.00203681
0.00256705
0.00311995
0.0036509
0.000316858
0.000426054
0.000904083
0.00158906
0.0022049
0.00281382
0.00338793
0.00406003
0.000250816
0.000422955
0.000371933
0.000966072
0.0015769
0.00149894
0.00208497
0.0026629
0.00207806
0.00138497
0.00201511
0.00162601
0.00099802
0.00107503
0.00169992
0.00229788
0.00108719
0.00110197
0.00170183
0.000519037
0.000656128
0.00161505
0.00167608
0.00222301
0.000276089
0.000450134
0.000859976
0.00155282
0.00216889
0.00268888
0.00320911
0.00384092
0.000267029
0.000462055
0.000920057
0.00138211
0.00197506
0.00252581
0.00313282
0.003654
0.000556231
0.000733137
0.000491858
0.00110292
0.000659943
0.00126195
0.00174093
0.00233984
0.00109601
0.0010941
0.00107098
0.00119805
0.00184822
0.00117302
0.0017581
0.00228286
0.00109816
0.00106692
0.0010891
0.00173402
0.00111794
0.001688
0.00171113
0.00237298
0.000289917
0.000468016
0.000859022
0.00137615
0.00187993
0.00247097
0.00290704
0.0034771
0.000254154
0.000435114
0.000967026
0.00193596
0.00263596
0.00329185
0.00389314
0.004426
0.000700951
0.000336885
0.000728846
0.00130296
0.00107312
0.00165701
0.00169802
0.00227594
0.000484943
0.00114799
0.00177193
0.00131106
0.00194693
0.00238323
0.00194478
0.00247908
0.000965118
0.00151396
0.000978947
0.001616
0.00178099
0.00137496
0.00195003
0.00257397
0.00031805
0.000485897
0.000952959
0.00154495
0.00212288
0.00276709
0.00329494
0.00373316
0.000267029
0.000434875
0.000797987
0.00144196
0.00204897
0.00250602
0.00313401
0.00373793
0.000531197
0.000699043
0.000440836
0.000627995
0.00116801
0.00169802
0.00187111
0.00256586
0.00190783
0.000633001
0.000943899
0.00123215
0.00183797
0.00228286
0.00180292
0.00232601
0.000978947
0.000597
0.00117898
0.0010941
0.00166297
0.00100398
0.00167608
0.00227404
0.000334978
0.000584841
0.00100613
0.00155807
0.00219584
0.00280499
0.00326896
0.00375605
0.000298023
0.00046587
0.000889063
0.00143909
0.0019598
0.00255013
0.00324297
0.00384593
0.000591993
0.00102806
0.00110006
0.00067687
0.00133801
0.00132179
0.00195098
0.002527
0.00174379
0.00107002
0.001158
0.00166917
0.00116491
0.00117898
0.001858
0.00247598
0.00188994
0.00128198
0.00187707
0.00116801
0.00172687
0.000568151
0.00120711
0.00183821
0.000252962
0.000417948
0.000892878
0.00145197
0.00208521
0.00279999
0.00339413
0.00391293
0.00030899
0.00048399
0.0010581
0.00160098
0.00212288
0.00261903
0.0030458
0.00358295
0.000264883
0.000470877
0.000438213
0.000960112
0.00158811
0.00166297
0.00219798
0.00271893
0.00189781
0.000974178
0.00139785
0.00191689
0.000797987
0.000299215
0.000801086
0.00130105
0.000873089
0.00134611
0.00130582
0.00182009
0.00067687
0.000889063
0.0013411
0.00180697
0.000281096
0.000447989
0.000950098
0.00147414
0.001899
0.00244021
0.00280285
0.0029428
0.000277042
0.000432968
0.000770807
0.00137901
0.00175714
0.00220895
0.00273585
0.00316906
0.000304937
0.000463009
0.000554085
0.000977993
0.00108886
0.00160813
0.00156999
0.00209308
0.00152516
0.00132298
0.00155401
0.00098896
0.00147104
0.000253916
0.000700951
0.00115895
0.00120711
0.00171995
0.000905037
0.00137186
0.000737906
0.000842094
0.00138688
0.00192094
0.000340939
0.000501156
0.000856876
0.00142908
0.00194788
0.00236988
0.00272298
0.00324297
0.000263929
0.00039506
0.000913858
0.00139403
0.00190806
0.00250793
0.00294495
0.00343704
0.000267982
0.000405788
0.000458002
0.000821114
0.00133991
0.00138688
0.00189686
0.00238895
0.000414848
0.000921965
0.000792027
0.001266
0.000833988
0.00128508
0.00135088
0.00185919
0.00162506
0.00117397
0.00166917
0.00149202
0.00170588
0.00202012
0.00162506
0.00215101
0.000293016
0.000378847
0.000640154
0.00129509
0.00181103
0.00225401
0.00277591
0.00328493
0.000289202
0.000450134
0.000983953
0.00164509
0.00218892
0.00286317
0.00338292
0.00386786
0.00048399
0.000449896
0.000263214
0.000761032
0.00137305
0.00148106
0.001966
0.00255895
0.000313044
0.000272036
0.000863075
0.00138807
0.00160503
0.00155401
0.00117207
0.00168705
0.00109696
0.00158811
0.0017519
0.00113106
0.00168204
0.00120711
0.00173497
0.00233507
0.000260115
0.000427961
0.00089407
0.00157809
0.00208592
0.00267386
0.0031991
0.00373507
0.00027895
0.000469923
0.000880003
0.00143814
0.00203991
0.00252295
0.00308204
0.00363493
0.00041008
0.000505924
0.00061202
0.000628948
0.00120282
0.00183296
0.00181103
0.00231099
0.001127
0.000370026
0.00097394
0.00127006
0.00184011
0.00118804
0.00171709
0.00225806
0.00100303
0.00151992
0.00105
0.00142908
0.000939131
0.00148988
0.00159597
0.00221801
0.000293016
0.000460863
0.000874996
0.00153112
0.00208712
0.00264883
0.00324702
0.00366187
0.000288963
0.000452995
0.000989199
0.00156999
0.0022819
0.00279689
0.00339508
0.00394583
0.000742912
0.000560045
0.00045681
0.000437975
0.00099802
0.00157619
0.00162101
0.00234008
0.00124502
0.00048995
0.000959158
0.000974894
0.00158501
0.00125217
0.0017972
0.00241804
0.00112605
0.000936031
0.00103784
0.00165009
0.00118804
0.00188804
0.00209808
0.00270486
0.000256062
0.000420094
0.000915051
0.001513
0.00207591
0.00257421
0.00325394
0.00371385
0.00028491
0.000465155
0.000900984
0.00154018
0.00217891
0.00276113
0.00341296
0.00405192
0.000635862
0.000513077
0.00103211
0.000263929
0.000756979
0.00162101
0.00191712
0.00251317
0.00138092
0.000320911
0.000478983
0.001127
0.0017519
0.00124192
0.00177693
0.00235605
0.00154996
0.000921011
0.00107789
0.00170588
0.00124884
0.00179791
0.00190306
0.00255513
0.000298977
0.00047183
0.000918865
0.00155306
0.00208783
0.00261712
0.00332093
0.00373983
0.000267982
0.000432968
0.000917196
0.00145388
0.00213003
0.00276709
0.00330997
0.00394297
0.000574112
0.000738859
0.000689983
0.00125408
0.00118709
0.00165796
0.00165915
0.00223398
0.00160003
0.00114202
0.00174999
0.000937939
0.00152898
0.00136185
0.00184202
0.002424
0.00133801
0.00187397
0.001091
0.000595093
0.00116682
0.00118303
0.00181794
0.00232196
0.000262022
0.000425816
0.000886202
0.00213599
0.00214005
0.00216007
0.00275683
0.00336099
0.00166988
0.00182009
0.00224185
0.00289488
0.0034349
0.00405216
0.00473285
0.00531721
0.000389099
0.000566959
0.000947952
0.00144601
0.00167704
0.000995159
0.00167012
0.00233197
0.00177884
0.00163198
0.00184417
0.00045085
0.00107694
0.00110197
0.00177503
0.002455
0.000675201
0.00129795
0.00193596
0.00111794
0.00080514
0.0020721
0.0027349
0.00278115
0.000262022
0.000429153
0.000931978
0.00156903
0.00218916
0.00275922
0.00340891
0.00393295
0.000289202
0.000473976
0.000831842
0.00143909
0.00203896
0.00272298
0.00346994
0.00405598
0.000599146
0.000771046
0.000423193
0.000552893
0.00103188
0.000750065
0.00125694
0.00177717
0.00124097
0.000886917
0.000910997
0.00140691
0.000668049
0.00111699
0.00109816
0.00159097
0.001194
0.000916004
0.00139284
0.00151181
0.00135303
0.00187397
0.00135994
0.00180984
0.000232935
0.000392914
0.000779867
0.00121284
0.00169778
0.00211596
0.00250196
0.00288987
0.000319958
0.00041008
0.00087285
0.00135684
0.00178409
0.0022409
0.00267196
0.0031631
0.000334978
0.000504017
0.000357866
0.000404119
0.000841856
0.00131297
0.00132489
0.0017879
0.00122094
0.000261068
0.000710964
0.000698805
0.00119686
0.000738859
0.0012219
0.00166106
0.000813961
0.00133896
0.00086689
0.000343084
0.000497103
0.000755787
0.00119305
0.00176787
0.000274897
0.000447989
0.000784874
0.001261
0.00177097
0.00219488
0.00273919
0.00319004
0.000292063
0.000431061
0.000908136
0.00135207
0.00191402
0.00233078
0.00289106
0.00331783
0.000427961
0.000797987
0.000751972
0.000760078
0.00123286
0.00174522
0.00164795
0.00217199
0.000797033
0.000365019
0.000409126
0.000972033
0.00150013
0.000383139
0.000825167
0.00140691
0.000915051
0.00159693
0.00129604
0.00176716
0.000802994
0.00132203
0.00118589
0.00166512
0.000274897
0.000454187
0.000849009
0.00140095
0.00195479
0.00247717
0.0028789
0.00345182
0.00028801
0.000444889
0.000793934
0.0013051
0.00179195
0.00239801
0.00296497
0.0034821
0.000245094
0.000426054
0.000855923
0.00108981
0.00162911
0.00215197
0.00207019
0.00265288
0.00161719
0.000339031
0.000595808
0.00115609
0.0017941
0.00116992
0.00164914
0.00229692
0.000472069
0.000736952
0.00163293
0.00191402
0.00120497
0.0018239
0.00181079
0.00232983
0.00028801
0.000470161
0.000877142
0.00151896
0.00212502
0.00264597
0.0031209
0.00372601
0.000276089
0.000442982
0.000859976
0.00149918
0.0021348
0.00279999
0.00408602
0.004673
0.000251055
0.000420809
0.000760078
0.000983953
0.00159717
0.00222516
0.00224686
0.0028379
0.00113916
0.00048995
0.000976086
0.00102186
0.00151992
0.00210905
0.00172687
0.00236297
0.00115299
0.000613928
0.00100493
0.00109005
0.00166607
0.0021801
0.00180602
0.00243187
0.000298977
0.000451088
0.00090909
0.00144219
0.00216103
0.00275397
0.00318003
0.00383091
0.000267029
0.000449181
0.000926971
0.00147295
0.00212288
0.00255609
0.00320387
0.00377011
0.000452995
0.000530005
0.00069499
0.000929117
0.00109291
0.001688
0.00169992
0.00228596
0.000952959
0.000287056
0.000547886
0.00114012
0.00173402
0.00215602
0.00168705
0.00226092
0.000575066
0.00111294
0.0010488
0.00109005
0.0016818
0.000946999
0.00150418
0.00210309
0.000312805
0.000478983
0.00100398
0.00153399
0.00223088
0.00266814
0.00342107
0.00376892
0.000274897
0.000414848
0.000923157
0.00147796
0.00205112
0.00260806
0.00319004
0.00379705
0.000454903
0.000524044
0.000703096
0.00119114
0.00125813
0.00191998
0.00186896
0.00246215
0.00112796
0.0010221
0.00160503
0.000983
0.00146508
0.00112319
0.00163412
0.00222397
0.00102806
0.00161695
0.00106215
0.00170088
0.00117993
0.00177097
0.00181913
0.00193787
0.00028801
0.000462055
0.000845909
0.00136018
0.00187206
0.00247383
0.00298405
0.00355387
0.000255108
0.000437021
0.000859022
0.00156498
0.00206709
0.00268292
0.00327802
0.00379705
0.00049305
0.000999928
0.000547171
0.00108695
0.0012362
0.00179911
0.00163198
0.00223398
0.00163078
0.0016799
0.00178409
0.00107002
0.00163794
0.00210905
0.00158882
0.00217485
0.00170088
0.00169206
0.00130391
0.0015862
0.00177193
0.00115299
0.00167704
0.00223804
0.000288963
0.000457048
0.00101686
0.00156116
0.00210404
0.00264716
0.00318789
0.00376487
0.000283003
0.000400066
0.000897884
0.00152111
0.00211596
0.00270104
0.00347114
0.00388503
0.00118399
0.00162601
0.000422001
0.000609159
0.00109911
0.00157785
0.00147891
0.00202298
0.00149512
0.000491142
0.000520229
0.001122
0.00165796
0.00225711
0.00170803
0.00226903
0.000524998
0.000540018
0.000521183
0.00113821
0.0016439
0.00209117
0.00151181
0.00204682
0.000246048
0.000414848
0.000895023
0.00156713
0.00218296
0.00259185
0.00327897
0.00374603
0.000271082
0.000365973
0.00089097
0.00152993
0.00210905
0.00271201
0.0034802
0.00398898
0.000748158
0.000911951
0.000500917
0.00078702
0.000883818
0.00219297
0.00280595
0.00262594
0.000893116
0.000896931
0.000346899
0.000812054
0.000859022
0.00130892
0.00126791
0.00187898
0.000339031
0.000880957
0.00138688
0.000865936
0.00123596
0.00168586
0.00124311
0.00180101
0.000267029
0.000437021
0.000798941
0.00127196
0.00177503
0.00228214
0.00282502
0.00323391
0.000268936
0.0004282
0.000813007
0.00127482
0.00172186
0.00219703
0.00278997
0.00322199
0.000272036
0.00068903
0.000263929
0.000426054
0.000819921
0.000937939
0.001441
0.00200009
0.00159216
0.000384092
0.000754118
0.00125313
0.000617981
0.00067091
0.00114703
0.00163198
0.00109196
0.00131488
0.00114512
0.000834942
0.00107384
0.00156307
0.00129604
0.001791
0.000235796
0.000406981
0.000834942
0.0012989
0.00195098
0.002455
0.00297999
0.00342512
0.000283957
0.000458002
0.000829935
0.00143194
0.00188184
0.00240111
0.00298405
0.00347781
0.000283957
0.000788927
0.000735998
0.000371933
0.000920057
0.00124311
0.00061202
0.00110292
0.00118804
0.000421047
0.000896931
0.00135899
0.00118017
0.00182796
0.00130296
0.00193882
0.00149798
0.00099802
0.00144386
0.00132203
0.00111604
0.00158095
0.00119185
0.00171494
0.000241995
0.000400066
0.000741959
0.00119305
0.00174785
0.0022521
0.00281191
0.00328994
0.000276089
0.000447035
0.000782013
0.00131106
0.00176907
0.00229597
0.002774
0.00326204
0.000262022
0.000727177
0.000402212
0.000874996
0.000741005
0.00127006
0.00127602
0.00181508
0.00141478
0.00122595
0.00161886
0.00157809
0.00158596
0.00199389
0.00142789
0.00196099
0.000989199
0.00151801
0.00159502
0.000887871
0.0014782
0.00206399
0.00152397
0.0019958
0.000291824
0.000461102
0.000969172
0.00160694
0.00222707
0.00265193
0.003196
0.00386405
0.000252008
0.000442982
0.000938177
0.00153494
0.00208712
0.00263619
0.00309205
0.00367594
0.000476122
0.000492811
0.000660896
0.00106597
0.00117707
0.00166202
0.00151706
0.00211406
0.00103092
0.00101709
0.000556946
0.00113297
0.00168085
0.00107598
0.00157905
0.002141
0.00109291
0.00166702
0.00109506
0.00169516
0.000993013
0.0016191
0.00163889
0.00223017
0.00027895
0.000448942
0.000905037
0.0014801
0.00203204
0.00247097
0.00313091
0.00366688
0.000269175
0.000428915
0.000813007
0.00127292
0.00175309
0.00226688
0.00281096
0.00340295
0.000418901
0.000370979
0.000607967
0.000986814
0.00119209
0.0017941
0.00167394
0.00218606
0.00104308
0.00156498
0.00171399
0.00157285
0.00185084
0.00115418
0.00178695
0.00231194
0.00169396
0.00150704
0.00166893
0.00208998
0.00119281
0.00184298
0.00203896
0.0025661
0.000283003
0.000444174
0.00085783
0.00153017
0.00199103
0.00251603
0.003196
0.00377893
0.000343084
0.000602961
0.000984907
0.00153899
0.0021162
0.00265813
0.00330806
0.00389481
0.000520945
0.0010879
0.000449896
0.000602961
0.00120115
0.00116014
0.00166082
0.00224996
0.00157213
0.00112605
0.00122499
0.00178409
0.000935078
0.00145912
0.00155997
0.00230384
0.00186181
0.00147104
0.00204897
0.00163889
0.00167394
0.00100493
0.00158405
0.00206709
0.000283003
0.000447035
0.000884056
0.00143504
0.00189281
0.00246096
0.00305319
0.00362301
0.000314951
0.000473976
0.000946045
0.001513
0.00217295
0.00275183
0.00330305
0.00381303
0.000478983
0.000497103
0.000524998
0.000550032
0.0011692
0.00174999
0.00159812
0.00214696
0.00107884
0.000471115
0.000923157
0.00102878
0.00151396
0.00088501
0.001477
0.000701904
0.002074
0.0011549
0.00177884
0.00172806
0.000681877
0.000585079
0.000759125
0.00120616
0.000293016
0.000467062
0.000905037
0.00148892
0.00210905
0.00263405
0.00331593
0.0038991
0.000295162
0.000448942
0.00110602
0.00168014
0.00225902
0.00283909
0.00355792
0.00403214
0.00104904
0.000980854
0.000414133
0.000601053
0.000557899
0.00123191
0.00124502
0.00180197
0.000938892
0.000504971
0.000697851
0.00127888
0.00191998
0.00223303
0.00166392
0.00223112
0.00173402
0.00111699
0.000694036
0.00229001
0.00187707
0.00122809
0.00184894
0.00237298
0.000244141
0.000421047
0.000870943
0.00142813
0.00205398
0.00266695
0.00314903
0.00381517
0.00027585
0.000416994
0.000835896
0.00133491
0.00187707
0.00254989
0.00316715
0.00383401
0.00053215
0.00101399
0.000626087
0.000810862
0.00131989
0.00150585
0.00202894
0.00264907
0.00115895
0.000736952
0.00124097
0.000536919
0.00109911
0.000937939
0.00143719
0.00187206
0.000856876
0.000939131
0.000714064
0.00119996
0.000747919
0.00125289
0.00131202
0.00179005
0.000241995
0.000401974
0.000812054
0.00145888
0.00194597
0.00248098
0.00300384
0.00337911
0.00030899
0.000414848
0.000789881
0.00137615
0.00188804
0.00257206
0.003021
0.00350094
0.00027895
0.000683784
0.000269175
0.000827074
0.000468016
0.000940084
0.00128293
0.00185394
0.0007689
0.000797033
0.000360012
0.000952005
0.00145388
0.000859976
0.00133705
0.00179911
0.000712156
0.00115705
0.000707865
0.00120401
0.000766993
0.000844955
0.00131083
0.00181293
0.000272036
0.000442028
0.000833988
0.00128603
0.00172901
0.00223899
0.00269604
0.00313282
0.000298977
0.000469923
0.000839949
0.0015521
0.00209308
0.00249791
0.00303197
0.00353408
0.000385046
0.000503063
0.000692844
0.000463963
0.00165296
0.001544
0.00159788
0.00207305
0.000858068
0.000309944
0.000779152
0.000863075
0.00138807
0.000874996
0.00135517
0.00187016
0.000830889
0.000791073
0.000869989
0.00138617
0.000840902
0.00129795
0.00137091
0.00190783
0.000252008
0.0004282
0.000791073
0.00134802
0.00185704
0.00229096
0.00279808
0.00319409
0.000350952
0.000494003
0.000980139
0.00148582
0.00192308
0.00241399
0.00290298
0.003443
0.000814199
0.000818968
0.000389099
0.000288963
0.00078392
0.00127411
0.00142384
0.00201106
0.00145888
0.000416994
0.000353098
0.000861168
0.00134897
0.000833988
0.00138497
0.00194597
0.00143695
0.000962973
0.000916004
0.00143194
0.000924826
0.000846148
0.00138307
0.00190997
0.000309944
0.000476122
0.000950098
0.00175905
0.00223804
0.00269389
0.00353193
0.00415707
0.000283003
0.000411987
0.000936985
0.00132895
0.00181389
0.00236607
0.00299406
0.003479
0.000535965
0.000754118
0.000684977
0.000871897
0.00127196
0.00112891
0.00158811
0.0022099
0.00174284
0.000960827
0.00124288
0.00188112
0.00106692
0.00168014
0.00170779
0.0022881
0.00172496
0.00107098
0.000982046
0.00043416
0.00108099
0.00175023
0.0017612
0.00236511
0.000256062
0.000303984
0.000898123
0.00124907
0.00190902
0.00249004
0.00304294
0.00377607
0.000263929
0.00049901
0.00102091
0.00161695
0.00209403
0.00259709
0.00320387
0.00378704
0.000509977
0.000437975
0.000475883
0.000498056
0.000934839
0.00147605
0.00144601
0.00207591
0.00111008
0.000286818
0.00051403
0.000681877
0.00121713
0.000586033
0.00120091
0.00177407
0.00058198
0.000488997
0.00117683
0.000617027
0.00125504
0.00133991
0.00197005
0.00257206
0.000305891
0.000464916
0.000985861
0.001652
0.00228691
0.00291896
0.00352192
0.0040741
0.000290155
0.000452995
0.000859022
0.00143909
0.00195813
0.00258493
0.00310206
0.00363803
0.000409842
0.00105906
0.000680208
0.00106597
0.00130892
0.00191498
0.001688
0.00230789
0.00106907
0.00114202
0.00106502
0.00120997
0.00175786
0.00202608
0.0014329
0.00201893
0.001019
0.000576973
0.00114703
0.00158405
0.00147796
0.000977993
0.00157213
0.00212312
0.000250816
0.000422001
0.000838995
0.00138211
0.001899
0.00237203
0.00317597
0.0036428
0.000285149
0.000426054
0.000800133
0.00138497
0.00186515
0.00236797
0.00297403
0.00353384
0.000996828
0.00102615
0.000452995
0.00101209
0.00110316
0.00107312
0.00159812
0.00218701
0.00109601
0.000987053
0.001127
0.000603914
0.00121593
0.000794888
0.0013659
0.0018599
0.000943899
0.00144792
0.000926971
0.0015099
0.00104499
0.00162292
0.00177193
0.00233507
0.000270844
0.000452995
0.000996113
0.00158
0.00217199
0.00274801
0.00319314
0.00381207
0.000272989
0.00039196
0.000891924
0.00148416
0.00219393
0.00272417
0.00345516
0.00398397
0.000249863
0.00041008
0.00031805
0.000941992
0.00159597
0.00151682
0.00204206
0.00260997
0.00170612
0.00110888
0.00169611
0.00227809
0.00116801
0.00181603
0.00182796
0.000735044
0.00307393
0.00137401
0.00200105
0.00122809
0.00185895
0.00119901
0.000683069
0.00118113
0.000272036
0.000431061
0.00085187
0.00155497
0.00224209
0.002877
0.00337219
0.00388217
