0.00337505
0.00456214
0.00470114
0.005162
0.00584793
0.00788689
0.0088129
0.00981092
0.000534058
0.00349784
0.002244
0.00191903
0.00244999
0.00193691
0.00243998
0.00289106
0.00172496
0.00167513
0.00179005
0.00129986
0.00136304
0.00137377
0.00199294
0.00255799
0.0015769
0.00205398
0.00202894
0.00148797
0.00195813
0.00194287
0.00267386
0.00324512
0.000381947
0.000445127
0.000988007
0.00148988
0.00195289
0.00266004
0.00318694
0.00365615
0.000295162
0.000500917
0.000922918
0.00142407
0.00196505
0.0026598
0.00321293
0.00377297
0.000343084
0.000837803
0.00136709
0.00142312
0.00191998
0.00193906
0.00247192
0.00297308
0.000905037
0.0014739
0.00184298
0.00192499
0.00189614
0.00193691
0.00243688
0.00292921
0.00199199
0.00188494
0.00192118
0.00190091
0.00184798
0.00180411
0.00227189
0.00276613
0.000245094
0.000416994
0.00085187
0.00132394
0.00177503
0.00234103
0.00274706
0.00325298
0.000226021
0.000380993
0.000804901
0.00129414
0.00176907
0.002285
0.00281692
0.003299
0.000960827
0.000975847
0.000926971
0.00145912
0.00196719
0.00192595
0.00237393
0.00292301
0.001441
0.00149798
0.00200105
0.00202894
0.00205207
0.00194693
0.00252104
0.00303006
0.00193787
0.00192618
0.00183892
0.001791
0.00172377
0.00184393
0.00232506
0.00281882
0.000252008
0.00041604
0.000813961
0.00122809
0.00169706
0.00225711
0.00284004
0.00354791
0.000247002
0.000315905
0.000809908
0.00128198
0.00176907
0.00235891
0.00294614
0.00352788
0.000445127
0.00103188
0.00107098
0.00156784
0.00219202
0.0022819
0.002913
0.00345111
0.00165796
0.00160599
0.0021069
0.00214601
0.00229311
0.00214005
0.00267911
0.00325513
0.00209403
0.0020988
0.00216198
0.00213385
0.0020349
0.00222611
0.00283408
0.00336599
0.000265121
0.000419855
0.00090909
0.00141382
0.00206017
0.00252795
0.00306201
0.00363398
0.000221014
0.000329018
0.000907183
0.00142813
0.00183201
0.00246406
0.00303984
0.00359702
0.000898123
0.000916958
0.00106001
0.001652
0.002244
0.0022409
0.00264597
0.00320888
0.00149512
0.00154614
0.00217605
0.00164795
0.00226307
0.00236487
0.00298309
0.00360513
0.00241518
0.00168085
0.00231814
0.00232601
0.00234485
0.00239611
0.0030632
0.00362492
0.000272036
0.000433922
0.00097394
0.00156093
0.00204492
0.00267911
0.00312114
0.00377393
0.000239134
0.000416994
0.000983953
0.00155711
0.00212502
0.00271893
0.00332308
0.00397515
0.00113201
0.000500917
0.000486135
0.001086
0.00163603
0.00100207
0.00171208
0.00231791
0.00238013
0.00171089
0.002321
0.0016861
0.00230312
0.00242805
0.003016
0.00354004
0.00213599
0.0014689
0.00212502
0.00175881
0.00239682
0.00238085
0.00300694
0.0035789
0.000231981
0.000393152
0.000945807
0.00145411
0.00211406
0.00269914
0.00328588
0.00381279
0.000221968
0.000347853
0.000721931
0.00122786
0.001791
0.00246596
0.00303698
0.00364304
0.00116897
0.00120592
0.00106096
0.00171399
0.00241494
0.00252485
0.00302982
0.00367117
0.00163388
0.000542879
0.00049305
0.00102806
0.00160789
0.00207996
0.00261402
0.00314307
0.00106311
0.00158978
0.00221801
0.00219202
0.00209999
0.00227714
0.00290513
0.00359797
0.000231028
0.000396967
0.000868082
0.00148416
0.00206494
0.00259089
0.00304914
0.003757
0.000221014
0.000356197
0.000855923
0.00141907
0.00206113
0.00259113
0.00316095
0.00368404
0.00152206
0.00155497
0.00165009
0.001688
0.0022788
0.00226212
0.00287604
0.0036509
0.00239992
0.00250697
0.00255609
0.00227118
0.00227094
0.00214195
0.00277591
0.00332403
0.00226188
0.00225401
0.00221705
0.00220609
0.00221801
0.00226498
0.00285196
0.0033679
0.000202894
0.000365019
0.000838995
0.00143909
0.00202298
0.00269294
0.00328708
0.00379515
0.000251055
0.000406027
0.000931978
0.00137615
0.00196695
0.00256491
0.00320506
0.00389194
0.00106907
0.00111508
0.000520945
0.00115609
0.00179482
0.00225091
0.00282788
0.003443
0.00110698
0.00177407
0.00182819
0.00226378
0.00235319
0.00238299
0.00306296
0.00369501
0.00249815
0.00254297
0.00239301
0.00234914
0.00234008
0.00237012
0.00290895
0.00350404
0.000258207
0.000424862
0.000963926
0.00152206
0.00224614
0.00287485
0.00341582
0.00394487
0.000224829
0.000428915
0.00106192
0.00155687
0.00224805
0.00289178
0.0035429
0.000515938
0.00421
0.00136709
0.00116801
0.00173903
0.00244689
0.00114393
0.00174809
0.00227809
0.00153399
0.00097084
0.00146198
0.00214386
0.00219297
0.00225306
0.00275803
0.00327682
0.00208712
0.00198293
0.00198102
0.00196695
0.00199199
0.00194883
0.0024972
0.0030582
0.000240088
0.000415087
0.00078702
0.00127912
0.00179505
0.00224614
0.00280714
0.00334382
0.000252008
0.000414133
0.000865936
0.00134802
0.00182223
0.00229192
0.00278592
0.00336814
0.000849009
0.000902891
0.00138092
0.0019381
0.00193
0.000323772
0.00048995
0.000440121
0.000915051
0.00150514
0.00205421
0.00105596
0.000993013
0.000890017
0.000928879
0.00139594
0.00193286
0.00141907
0.00146008
0.00136995
0.00143504
0.00143003
0.00194097
0.00248599
0.000237942
0.000397921
0.000963926
0.00145483
0.00190306
0.00259495
0.00313902
0.00356698
0.000252008
0.000384092
0.000744104
0.00130796
0.00182986
0.00229383
0.00280404
0.00324416
0.000359058
0.000905991
0.000938892
0.00139809
0.00192595
0.00194597
0.00244904
0.002949
0.0014751
0.00146198
0.00197196
0.00138092
0.00192308
0.00199509
0.00250101
0.00303888
0.00203395
0.00144196
0.0019238
0.00196886
0.00203419
0.00198603
0.00249314
0.00300908
0.000280857
0.000447989
0.000844955
0.0014081
0.00198412
0.00270605
0.00325298
0.00366282
0.000285864
0.000458002
0.000795126
0.00139594
0.00195193
0.00249982
0.00303102
0.003546
0.000412941
0.000950098
0.00109696
0.00169086
0.002321
0.00238419
0.00303102
0.00375581
0.00245905
0.00174999
0.00237393
0.00227499
0.00221086
0.00222301
0.0028069
0.00341201
0.00222421
0.00224209
0.00219488
0.00214911
0.00205207
0.00221395
0.00271893
0.00330877
0.000216961
0.000378847
0.000797987
0.00132298
0.00194407
0.00259185
0.00390983
0.00447989
0.000245094
0.000471115
0.000935793
0.00161099
0.00220513
0.00274611
0.00336385
0.00394511
0.000515938
0.00039196
0.000935078
0.00150013
0.00161481
0.00226307
0.00280499
0.00335813
0.00173187
0.00238299
0.0023241
0.00238991
0.00229096
0.00227118
0.00279808
0.00341201
0.00232887
0.00229001
0.00232887
0.00230002
0.00233316
0.00227213
0.00280619
0.00345206
0.000216007
0.000370026
0.000812054
0.00139403
0.00194907
0.00243282
0.00300717
0.00363898
0.000236034
0.000444889
0.000799894
0.00136709
0.00184011
0.00238609
0.00294685
0.00355792
0.00100303
0.00117016
0.00121307
0.00185895
0.00236607
0.00166512
0.00224686
0.00286007
0.0010581
0.00159907
0.00223112
0.00219607
0.00228405
0.00235415
0.00286698
0.00335383
0.00220203
0.00220203
0.00232196
0.00233793
0.00236011
0.00237393
0.00301003
0.00356293
0.000315905
0.000498056
0.00102496
0.0015831
0.00230098
0.00290704
0.00366521
0.00406504
0.000248909
0.000426054
0.000996113
0.00158906
0.00214601
0.00280905
0.0034709
0.00393295
0.00105095
0.0016799
0.00220609
0.00164914
0.00228095
0.00216293
0.00272393
0.00334811
0.00221801
0.00222516
0.00235605
0.00234604
0.00234079
0.00234699
0.00302505
0.0036459
0.00233388
0.00238395
0.00231409
0.00228596
0.00220013
0.00229979
0.00284696
0.00345206
0.000259161
0.000447989
0.000936985
0.00160193
0.00209999
0.00264311
0.00340796
0.00391698
0.000249147
0.000445843
0.000977993
0.00154305
0.00214481
0.00280404
0.00338387
0.00390506
0.00164914
0.00102782
0.00109601
0.001683
0.00228596
0.00231695
0.00290608
0.00351477
0.00171685
0.00171304
0.00230813
0.00223494
0.00216222
0.00217795
0.00279689
0.0033772
0.00228
0.00234795
0.00233293
0.00233293
0.00223613
0.00150299
0.00209785
0.00273395
0.000258207
0.0004251
0.000893831
0.0014782
0.00211811
0.00273299
0.00328398
0.00376296
0.000252008
0.000428915
0.000890017
0.00146103
0.00205207
0.00265193
0.00322986
0.00377083
0.00107408
0.0010972
0.00112104
0.00169897
0.00227499
0.00234985
0.00294209
0.00355411
0.00234008
0.00229692
0.00228095
0.00233293
0.00227809
0.00225902
0.00280309
0.00338697
0.00226903
0.00228095
0.00223398
0.00227213
0.00216293
0.0022049
0.00269604
0.0032661
0.000200033
0.000380993
0.000905037
0.0015018
0.00208712
0.002738
0.00331998
0.00399613
0.000262976
0.000437021
0.000876904
0.00147009
0.00217414
0.00269485
0.003299
0.00384808
0.000381947
0.000558138
0.000411034
0.00097394
0.00148988
0.00208402
0.00263405
0.00327611
0.00226498
0.00226092
0.00172997
0.0023241
0.00230384
0.00224686
0.00282001
0.00329518
0.00136685
0.00191808
0.001894
0.00188899
0.00180316
0.00172997
0.00228405
0.00271416
0.000265837
0.000426054
0.000854969
0.00131798
0.00169587
0.00225902
0.00275898
0.00322509
0.000255108
0.000438929
0.000819921
0.00125003
0.00174809
0.00219011
0.00275707
0.00329518
0.000334978
0.000839949
0.000911951
0.00137305
0.00187111
0.00184512
0.00233698
0.00285387
0.00199604
0.00159097
0.00231504
0.00226688
0.00220108
0.00211692
0.00258517
0.00307202
0.00193095
0.00186801
0.00193
0.00191092
0.00182295
0.00191307
0.00255084
0.00313306
0.000266075
0.000459194
0.000838041
0.00129795
0.00186205
0.0023458
0.00279784
0.00329399
0.000210047
0.000440121
0.000794172
0.00138402
0.00196004
0.00241899
0.00292587
0.00346804
0.000334024
0.000864983
0.000910044
0.00139499
0.00188684
0.00187111
0.00247598
0.00297713
0.000941992
0.00143886
0.00194311
0.00204897
0.0019629
0.00196004
0.00242591
0.00293517
0.00178814
0.00188684
0.00197291
0.00187612
0.00186396
0.00194502
0.00246501
0.00294781
0.000229836
0.000399828
0.000782967
0.00123596
0.00174594
0.00224614
0.00261784
0.00315905
0.000211954
0.000397921
0.000785112
0.00130391
0.00178003
0.00225711
0.00276589
0.00325298
0.00090909
0.000926018
0.000840902
0.00136495
0.00183392
0.0018239
0.00233197
0.00278783
0.00139809
0.00134706
0.00184107
0.00194001
0.00205398
0.002141
0.00262809
0.00330186
0.0022521
0.00217581
0.00222206
0.00199413
0.002002
0.00204515
0.00261402
0.00315118
0.000283003
0.000452995
0.000914097
0.0013051
0.00188398
0.00250196
0.00302911
0.00366497
0.000232935
0.000403881
0.000936985
0.00154495
0.00217414
0.00277185
0.00337005
0.00393701
0.00164795
0.00106907
0.000990152
0.001616
0.00224495
0.00217104
0.00272012
0.003335
0.00120091
0.00176096
0.00236607
0.00216007
0.00213504
0.002141
0.00265908
0.00322509
0.00216913
0.00203013
0.00210309
0.00152612
0.00209999
0.00199485
0.00254107
0.00306797
0.000208855
0.000360966
0.000787973
0.00118494
0.00169206
0.00225496
0.002738
0.00338578
0.000244856
0.00041604
0.000822067
0.001302
0.00180101
0.00235486
0.00288892
0.00340605
0.00150299
0.00114298
0.00100303
0.00164104
0.0022049
0.00226307
0.00298405
0.00300789
0.00185108
0.000994921
0.00157785
0.00222301
0.00219703
0.00226283
0.00280285
0.0034461
0.00168991
0.00223684
0.00230885
0.00226998
0.00218415
0.00223398
0.00271606
0.00333905
0.000235081
0.000388861
0.00080204
0.00127196
0.00191402
0.00245905
0.00301313
0.00346208
0.000252962
0.000417948
0.000893831
0.00147915
0.00212193
0.00269985
0.003335
0.003932
0.00160599
0.00111198
0.000945807
0.00159597
0.00219512
0.00225186
0.00283504
0.0034759
0.00216794
0.00222182
0.00215101
0.00205207
0.00214505
0.00212193
0.00265002
0.00331688
0.00229406
0.00225711
0.00229812
0.00228906
0.00217509
0.0022409
0.002707
0.00328493
0.000267982
0.000441074
0.000901937
0.00155306
0.00213814
0.00276709
0.00333118
0.00387001
0.00031209
0.000494003
0.000908136
0.00141907
0.00197697
0.00255704
0.00314093
0.00370216
0.00107503
0.00107503
0.00107098
0.00167298
0.00221896
0.00224304
0.00282502
0.00339103
0.00159097
0.00162911
0.00223207
0.00243616
0.00235295
0.00223303
0.002882
0.00346208
0.00232816
0.00228786
0.00221801
0.00162196
0.00221992
0.00232983
0.00283098
0.00396895
0.000244856
0.000361919
0.000889063
0.00154805
0.00211191
0.00262308
0.00323176
0.00387502
0.000221014
0.000393152
0.000765085
0.001302
0.00178695
0.00243688
0.00300002
0.00357509
0.00114799
0.00113893
0.00108695
0.00166416
0.00220203
0.00214314
0.00274396
0.00335789
0.00227594
0.00176406
0.00229502
0.00232887
0.0025239
0.00250316
0.00304008
0.00369692
0.00244594
0.00233197
0.00235891
0.00225091
0.00228906
0.00227714
0.00286293
0.00347996
0.000277996
0.000481844
0.000907898
0.00148988
0.00211596
0.00261307
0.00337195
0.00389004
0.000246048
0.000383139
0.000883818
0.00151801
0.002177
0.00283599
0.00374603
0.00425601
0.00106716
0.00106597
0.00104499
0.00168896
0.00225592
0.00221801
0.00279284
0.00345397
0.00220203
0.0016551
0.00224686
0.00221395
0.00212193
0.00232077
0.00290322
0.00351191
0.00236201
0.0023582
0.00240493
0.00229383
0.00230908
0.00225902
0.00287294
0.00340509
0.000235081
0.000411987
0.00083518
0.00141001
0.00186896
0.0022471
0.00281405
0.00324702
0.000246048
0.000400066
0.000770092
0.00123215
0.00179601
0.00231314
0.00280786
0.00329518
0.000889063
0.00146198
0.0015111
0.00201988
0.00199413
0.00190282
0.00244212
0.00296187
0.00195479
0.00214982
0.0020988
0.00208402
0.00195503
0.00195503
0.00250816
0.00296712
0.00186896
0.00186801
0.00175309
0.0017221
0.00180912
0.00173497
0.00223708
0.00278306
0.000259876
0.000449896
0.000853062
0.00154114
0.00211
0.00254703
0.0031209
0.00358486
0.000272036
0.000407934
0.000906944
0.00147295
0.0019629
0.00244999
0.00293994
0.003443
0.00090003
0.00140595
0.000915051
0.00148606
0.00195217
0.00182509
0.00231814
0.00275803
0.00163794
0.00124383
0.00171494
0.00182891
0.00192308
0.00187707
0.00256491
0.00306702
0.00213408
0.00215292
0.00196981
0.002038
0.00203609
0.00201201
0.00253892
0.00303292
0.000293016
0.000470877
0.000877142
0.00140309
0.00193596
0.00247598
0.00297594
0.00348496
0.000257969
0.000383139
0.000812054
0.00137591
0.00180697
0.0022912
0.00279498
0.00327206
0.00145698
0.00138307
0.000854015
0.00132608
0.00187898
0.00188494
0.00244999
0.00291014
0.000828981
0.0013411
0.00177908
0.00194311
0.00190401
0.00201011
0.00254583
0.0030179
0.00205898
0.00199008
0.00198293
0.00207686
0.00202799
0.00199604
0.00251389
0.003057
0.000244856
0.000419855
0.000874043
0.00141215
0.00197005
0.00237203
0.00309205
0.00357103
0.000271082
0.000452042
0.000825882
0.00125384
0.00176215
0.00230598
0.00290012
0.00348306
0.000977993
0.00152802
0.00098896
0.00155902
0.0021441
0.00205708
0.00261903
0.00318098
0.00199008
0.00145602
0.00215292
0.00220203
0.00221801
0.00229692
0.00284886
0.00343919
0.00226307
0.00230312
0.00224209
0.00228
0.00206184
0.00190496
0.00251889
0.00307512
0.000262022
0.000424862
0.000752926
0.00129914
0.00180197
0.002388
0.00290799
0.00349593
0.000245094
0.000418186
0.000846863
0.00136995
0.00193596
0.00243306
0.00303507
0.003613
0.00107098
0.00162697
0.000959158
0.00148201
0.00213718
0.002249
0.00278306
0.00334716
0.00151205
0.0021019
0.00209308
0.00220704
0.00226498
0.00215101
0.00272012
0.00328112
0.00209188
0.00218701
0.00214887
0.0022049
0.00220895
0.00229907
0.002841
0.00342798
0.000236988
0.000455856
0.000852108
0.00142097
0.001899
0.00240898
0.00308394
0.00363088
0.00030303
0.000540972
0.000938892
0.00150895
0.00220513
0.00269794
0.00329518
0.00390911
0.00112796
0.00166202
0.00109315
0.00176001
0.00241494
0.00239015
0.00289702
0.00345206
0.00106311
0.00171089
0.00230694
0.00232887
0.00231099
0.00217605
0.00293303
0.00361395
0.001894
0.00188994
0.00178289
0.00161004
0.00156879
0.00158811
0.00212193
0.00265408
0.000231981
0.000387907
0.000921965
0.0015049
0.00203395
0.00259709
0.0032692
0.00380993
0.000257969
0.000422001
0.000869989
0.00146294
0.00209689
0.00273085
0.00335097
0.00393105
0.000546932
0.00103998
0.00108194
0.00169802
0.00225592
0.00222397
0.0028131
0.00341916
0.00165391
0.00167608
0.00227809
0.00219107
0.00226402
0.00225401
0.00290012
0.00337505
0.00219417
0.00206208
0.00206089
0.00213099
0.00220203
0.00214505
0.00266695
0.00322199
0.000208139
0.0003829
0.00103879
0.001544
0.00215197
0.00268102
0.00332618
0.003824
0.000262976
0.00037694
0.000828981
0.00146198
0.00201011
0.00250793
0.00317812
0.00383615
0.00179291
0.00169897
0.00238299
0.00233293
0.00221205
0.00214505
0.00271916
0.00332093
0.00220203
0.00222993
0.00218415
0.00154591
0.00212193
0.00212884
0.00276995
0.00342202
0.00232816
0.00114703
0.00108886
0.00170708
0.00171781
0.00157619
0.00221491
0.00221705
0.000234127
0.000390053
0.000842094
0.00138998
0.00195003
0.00247908
0.00321102
0.00380898
0.000252962
0.000397921
0.00089407
0.00150681
0.002141
0.00269008
0.00330901
0.00395513
0.0018599
0.000806093
0.000984192
0.00196719
0.00113487
0.00163794
0.00216484
0.00282693
0.00243902
0.00244594
0.00249195
0.00249505
0.00255799
0.00256085
0.00327396
0.00395203
0.00252604
0.00250387
0.00256109
0.00255394
0.00253582
0.00255609
0.00320792
0.00380778
0.000227928
0.000397921
0.000804901
0.00134897
0.00180101
0.00241208
0.00300908
0.00368881
0.000305176
0.000440836
0.000936031
0.00147605
0.00207305
0.0025239
0.00306487
0.00349116
0.00180602
0.00130701
0.000806093
0.00129104
0.00188017
0.00222301
0.00274801
0.00325012
0.00215721
0.00188208
0.00188589
0.001899
0.00192499
0.0019238
0.00261688
0.0031631
0.00214815
0.00213504
0.00197792
0.00190902
0.00194597
0.00183892
0.00231695
0.00286984
0.000270128
0.000442982
0.000738144
0.00134492
0.0018301
0.00234008
0.00280118
0.00320697
0.000238895
0.000413895
0.000861883
0.00136805
0.001894
0.00247407
0.00303602
0.00354099
0.000282049
0.000828028
0.00105596
0.00160313
0.00212598
0.00208116
0.00276303
0.00321221
0.000865936
0.00137186
0.00184894
0.00187898
0.00200582
0.00203109
0.00250793
0.00301409
0.00193596
0.00187397
0.00207686
0.00259089
0.00266385
0.00258803
0.00310802
0.00360608
0.000236034
0.000389814
0.000821114
0.001302
0.00184894
0.00237918
0.00280213
0.00330496
0.000261068
0.000375032
0.00085783
0.00145793
0.00192499
0.00239682
0.00291395
0.00341916
0.000920057
0.000943899
0.000946045
0.00135612
0.00190687
0.00194287
0.00242805
0.00291491
0.000452995
0.000929117
0.00140786
0.00189996
0.00187922
0.00181198
0.00229216
0.00280595
0.00131893
0.00181699
0.00187206
0.00179601
0.00203586
0.00202703
0.00254989
0.0030458
0.000248909
0.00041914
0.000828981
0.0013721
0.00192714
0.00239706
0.00286102
0.00334597
0.000289917
0.000458002
0.000836134
0.00136209
0.0018692
0.00244904
0.00299001
0.003546
0.00148678
0.000948906
0.00155687
0.00160408
0.00220084
0.00227404
0.00278783
0.00336814
0.00226283
0.0016849
0.00218391
0.00217295
0.00206304
0.0019629
0.0025239
0.00314307
0.00216579
0.00233889
0.00226116
0.00216985
0.00209093
0.002038
0.00260401
0.00322509
0.000228167
0.00041008
0.000829935
0.0013361
0.00197101
0.00258493
0.00299287
0.00358105
0.000262022
0.00041604
0.000864983
0.00136399
0.00173497
0.00233293
0.00290585
0.00350499
0.000477076
0.00103617
0.00110793
0.00171995
0.00234294
0.00228
0.00281811
0.00340009
0.00167704
0.0016799
0.002213
0.00230598
0.0022099
0.0021162
0.00265002
0.003227
0.00215507
0.00222802
0.00222683
0.00213504
0.00205803
0.00212789
0.00269389
0.00319004
0.000233889
0.000415802
0.000863075
0.00140691
0.00197101
0.00257993
0.00308514
0.00362515
0.00183702
0.00191092
0.00238705
0.00295806
0.00361896
0.00421596
0.00475192
0.00535202
0.00109291
0.00166798
0.00153899
0.00209904
0.00211406
0.00208211
0.00251293
0.00308609
0.00215292
0.00219703
0.00228095
0.00225401
0.00235319
0.0023458
0.00283504
0.00349903
0.00227404
0.00222611
0.00235915
0.00223398
0.00221992
0.00214791
0.00276995
0.00337219
0.000281096
0.000455141
0.000854015
0.00130701
0.00194812
0.00252104
0.00314116
0.00371099
0.000212908
0.000349998
0.000855923
0.00148702
0.00209594
0.00268316
0.00327301
0.00392795
0.00113702
0.00110388
0.00118518
0.00177479
0.00224805
0.00225496
0.00293183
0.00350094
0.00169015
0.00166106
0.00221896
0.00225115
0.00226593
0.00219297
0.00274992
0.00334001
0.0022471
0.00226188
0.00229001
0.00219202
0.00220084
0.00208497
0.00264001
0.00323796
0.000260115
0.000427008
0.000844955
0.00158811
0.00220799
0.00272489
0.00329208
0.00385904
0.000221968
0.000347137
0.000764132
0.00134802
0.00191712
0.00248599
0.00311422
0.00367594
0.000472069
0.001127
0.00112605
0.00170398
0.00228
0.00214291
0.0027678
0.00334716
0.00229812
0.00109816
0.00165296
0.00212193
0.00206184
0.00212312
0.00265908
0.0031538
0.0020752
0.00215793
0.00221896
0.00222087
0.00222111
0.00160193
0.00202703
0.00261521
0.000277996
0.000455141
0.000877142
0.00140095
0.00198078
0.0024519
0.00284791
0.00328207
0.000231028
0.000375032
0.000888109
0.00138688
0.00189996
0.00256205
0.00308418
0.00368404
0.00109196
0.00172496
0.00171304
0.00230098
0.00230503
0.00232387
0.00279713
0.00334692
0.00212502
0.0021131
0.0021019
0.00217295
0.00216198
0.00213695
0.00277996
0.0033741
0.00222015
0.00214791
0.00210595
0.0020411
0.00216603
0.00229883
0.00286007
0.00346088
0.000252008
0.000428915
0.000887156
0.00159311
0.00221992
0.0028019
0.0034461
0.00410199
0.000249147
0.000403881
0.000879049
0.00159883
0.00213599
0.00278211
0.00335288
0.00394511
0.000506878
0.00111318
0.00111389
0.00167084
0.00235486
0.00227308
0.00289202
0.0034759
0.00219297
0.00153017
0.00209498
0.00208306
0.00191092
0.00193501
0.00236797
0.0028131
0.00165892
0.0016551
0.001719
0.00174499
0.00173306
0.00187993
0.00232291
0.00278282
0.000275135
0.000455856
0.000837088
0.00134683
0.00170302
0.00249815
0.00294709
0.00341105
0.000254869
0.000416994
0.000773907
0.00134683
0.00172591
0.0021801
0.00269198
0.00317502
0.000780106
0.000785828
0.000778913
0.00128508
0.00170612
0.00173998
0.00218797
0.0026989
0.00138307
0.00132298
0.00181699
0.00180101
0.00176501
0.00157285
0.00208306
0.0026021
0.00184989
0.00183415
0.00186706
0.00144601
0.00194693
0.00192809
0.00233793
0.00293207
0.000261068
0.000429869
0.000849962
0.00129819
0.00179505
0.00229907
0.00275493
0.00316501
0.000236988
0.000402927
0.000766039
0.00112987
0.00173807
0.00225806
0.00276208
0.00327587
0.000902176
0.000861883
0.000933886
0.00143194
0.0019331
0.00191402
0.0022881
0.00286007
0.0018959
0.0014801
0.00205398
0.00197887
0.00201106
0.00196314
0.00241995
0.00296998
0.00189614
0.00187707
0.00189996
0.00180507
0.00186992
0.00178599
0.00228715
0.00274396
0.000255108
0.000424147
0.000833988
0.00131607
0.00180292
0.0022471
0.00271297
0.00320292
0.0002141
0.000384092
0.000756979
0.00128818
0.00176501
0.00233912
0.00287199
0.00339603
0.000864983
0.000813007
0.0012958
0.00180721
0.00182104
0.00188208
0.00248885
0.00312901
0.00218391
0.00219893
0.00219893
0.00216508
0.00213194
0.00211406
0.00263405
0.00318313
0.00197887
0.0020299
0.00205302
0.0021739
0.00207496
0.00214005
0.00271797
0.0031929
0.000241041
0.000393152
0.000923872
0.0015161
0.00206017
0.002671
0.00320005
0.00384021
0.000241995
0.000400066
0.000867844
0.00136518
0.00191498
0.00239205
0.00301194
0.00363493
0.00165701
0.00039506
0.00097394
0.00154305
0.00208998
0.00208497
0.00265789
0.00324917
0.00163102
0.00160694
0.0021472
0.00210595
0.00204515
0.0020988
0.00261903
0.00314617
0.00209188
0.00208282
0.0019989
0.00145721
0.002038
0.00204587
0.00263691
0.00319695
0.000265121
0.000444174
0.000917912
0.00146294
0.00206494
0.00252795
0.00305486
0.00352597
0.000271082
0.000414133
0.000859976
0.00144601
0.00205207
0.00266504
0.00321889
0.00372291
0.000998974
0.00110698
0.00111294
0.00163388
0.00221586
0.0021069
0.0027411
0.00336003
0.00106215
0.00159407
0.00217414
0.00272012
0.00275993
0.00274205
0.00327802
0.00385499
0.00209188
0.00210404
0.00215697
0.00219989
0.00225019
0.00216508
0.00275493
0.00337505
0.000267982
0.000430107
0.000813961
0.00137782
0.001827
0.00243688
0.00297594
0.00346208
0.000292063
0.000462055
0.000804901
0.00136304
0.00195813
0.00245309
0.00310111
0.00366306
0.00049305
0.00104403
0.00103188
0.00161099
0.00220799
0.00214505
0.00278115
0.00354695
0.00226092
0.00230384
0.00222206
0.00165415
0.00236011
0.00235891
0.00295186
0.00351596
0.00217009
0.0022018
0.00212693
0.00216484
0.0021069
0.00215387
0.00266099
0.00311208
0.000277996
0.000393152
0.000926018
0.00149012
0.00202799
0.00253916
0.00297594
0.00352597
0.000250101
0.000381947
0.000806093
0.00134397
0.0019691
0.00239801
0.00301194
0.00350785
0.00157905
0.000895023
0.00142097
0.00194597
0.00206304
0.002033
0.00255585
0.00306606
0.00158787
0.00217891
0.00222111
0.00221491
0.00216198
0.00212598
0.00265002
0.00317192
0.0020628
0.00210309
0.00206518
0.00215983
0.00206995
0.00212789
0.00261116
0.00322294
0.000302076
0.000421047
0.000841141
0.0014801
0.00218916
0.0028429
0.00346518
0.00400901
0.000250816
0.000410795
0.000859976
0.00142884
0.00205398
0.00265908
0.00313807
0.00366402
0.00106502
0.001688
0.00159883
0.00154591
0.002033
0.00200796
0.00251698
0.00310397
0.0021441
0.00156498
0.00211596
0.00241017
0.00236201
0.00221014
0.00280809
0.00340986
0.00215101
0.00220799
0.00218415
0.00152993
0.00219488
0.00226116
0.00282097
0.00342202
0.000265121
0.000442982
0.000913143
0.00138497
0.001863
0.00254202
0.00306392
0.00359106
0.000257015
0.000416994
0.000828981
0.00143695
0.00202703
0.00252008
0.00314999
0.00370002
0.00104213
0.000935793
0.000886917
0.00146198
0.00206614
0.00224304
0.0027442
0.00328994
0.00113583
0.0017221
0.00222015
0.002388
0.00228405
0.00227594
0.00289702
0.00349998
0.00250912
0.00248814
0.00257397
0.00235796
0.00216103
0.00194001
0.00240421
0.00288606
0.000236988
0.000392914
0.000776052
0.00124407
0.00177217
0.00227594
0.00269699
0.00317001
0.000277042
0.000417948
0.000789881
0.00124002
0.001683
0.00209999
0.00263619
0.00314379
0.00173521
0.00174403
0.001266
0.00123692
0.00170302
0.00161004
0.00202107
0.00251102
0.00171494
0.00128913
0.00176001
0.0013361
0.00178909
0.00178194
0.00221205
0.0027349
0.00186801
0.00180697
0.00173497
0.00162005
0.00166512
0.00174284
0.00233507
0.00280786
0.000262022
0.000429153
0.000821114
0.00134206
0.00183606
0.00229502
0.00286484
0.00335002
0.000255108
0.000422001
0.000756979
0.00125003
0.00178885
0.00226903
0.00274301
0.00318813
0.000865936
0.00129485
0.000756979
0.00122809
0.00173903
0.00183702
0.0024538
0.00289583
0.00194192
0.00121808
0.00170016
0.00179005
0.00176191
0.00178814
0.00238419
0.00285602
0.00196195
0.00198507
0.001688
0.00175691
0.00170612
0.00183296
0.00227213
0.00274491
0.00020504
0.00041008
0.000779867
0.00146198
0.00195193
0.00243807
0.00287199
0.00326109
0.000235081
0.000407934
0.000758171
0.00127292
0.00174594
0.00229287
0.00280499
0.00328803
0.000886917
0.00136495
0.00136018
0.00186396
0.00183797
0.00175405
0.0022068
0.00269294
0.00184798
0.00184894
0.00190592
0.00191903
0.0018909
0.00182009
0.00227785
0.00276518
0.00185108
0.0020051
0.0020051
0.00218892
0.00222492
0.00211811
0.00272799
0.00335383
0.000279903
0.000433922
0.000852108
0.00131297
0.00180387
0.00234604
0.00289702
0.0034771
0.000273943
0.000427008
0.000854015
0.00138307
0.00197005
0.00249219
0.00296807
0.0035181
0.00101209
0.0015111
0.000974178
0.00149703
0.00208807
0.00212693
0.00261497
0.00322294
0.00166202
0.00153279
0.002074
0.00202799
0.00200796
0.00201893
0.00258803
0.00303507
0.00199509
0.0020628
0.00197601
0.00145793
0.00200105
0.00212598
0.00262189
0.00319195
0.000221968
0.000383139
0.00086689
0.00141907
0.00189495
0.00247717
0.00298905
0.00357699
0.000324011
0.000476122
0.0009799
0.00153613
0.00214505
0.002666
0.00324392
0.00376201
0.000324011
0.00114608
0.00132704
0.00187087
0.00240088
0.00213099
0.00276399
0.00332499
0.00219393
0.00105286
0.00161099
0.00216603
0.0020988
0.00209904
0.00275302
0.00326991
0.00233984
0.0023241
0.00231004
0.00231481
0.0022409
0.00221109
0.00282288
0.00340891
0.000265121
0.000436068
0.000840187
0.00134897
0.001858
0.00240493
0.00294089
0.00345016
0.000254869
0.000442028
0.000873089
0.00148606
0.00206494
0.00257111
0.00312805
0.00377512
0.00168514
0.00104094
0.001647
0.00226307
0.00212717
0.00229502
0.00284696
0.0033772
0.00224113
0.00228286
0.00219107
0.00234818
0.00229907
0.002249
0.00278306
0.0033381
0.00210714
0.00213099
0.00222206
0.00214314
0.00229502
0.00224495
0.00286293
0.00337815
0.000236034
0.000431061
0.000897884
0.00149107
0.00197697
0.00268102
0.00324512
0.00381207
0.000222921
0.000436068
0.000860214
0.00141811
0.00202703
0.00256801
0.00309801
0.00365901
0.00162005
0.00211
0.00212789
0.00215101
0.00205517
0.00214291
0.00268507
0.00327897
0.00219703
0.00219703
0.00214386
0.00215006
0.002177
0.00220585
0.002738
0.00331903
0.00221992
0.00222802
0.0022521
0.00217819
0.0022471
0.00219011
0.00279403
0.00336003
0.000262976
0.000437021
0.000957966
0.00154591
0.00213099
0.00272894
0.00346208
0.0034349
0.00028801
0.000451088
0.000916958
0.00134587
0.00193405
0.00254607
0.00316119
0.00380683
0.00169206
0.00158811
0.0010159
0.00183392
0.00243282
0.00247693
0.00309396
0.00362802
0.00216794
0.00159788
0.00220704
0.00222087
0.00229001
0.00234103
0.00290394
0.00348687
0.00220203
0.00219417
0.00234413
0.00232601
0.00177908
0.00244689
0.00304604
0.00356483
0.000259876
0.000429869
0.00089407
0.00152993
0.00211096
0.00260711
0.00315189
0.00388384
0.000237942
0.000387907
0.000921011
0.00137091
0.00192404
0.002491
0.00316405
0.00378299
0.00122905
0.00187397
0.00108886
0.00174904
0.00253201
0.00309992
0.00365496
0.00426412
0.00281191
0.00162601
0.00215292
0.00212789
0.00222397
0.00216508
0.00268984
0.00336695
0.002244
0.00227594
0.00240207
0.00241208
0.00233316
0.00228906
0.002918
0.00356007
0.000247002
0.000417948
0.000852108
0.00161099
0.00226593
0.00283098
0.00339293
0.00387311
0.000252008
0.000470877
0.00084877
0.00125813
0.00178313
0.00239491
0.00291896
0.00341201
0.00032711
0.00090003
0.000904083
0.00139904
0.00194693
0.00188303
0.00235701
0.00279903
0.000889063
0.00138092
0.00187802
0.00182605
0.00192308
0.00194693
0.00244689
0.00295806
0.00188589
0.00189304
0.00188899
0.00184798
0.001858
0.00186515
0.00241113
0.00291395
0.000228167
0.000394106
0.000778913
0.00125909
0.00188017
0.00235581
0.00281286
0.00331211
0.000262976
0.000397921
0.000745058
0.00124097
0.00186014
0.0022409
0.00276995
0.00321603
0.00132585
0.000824928
0.000841141
0.00135398
0.0019021
0.00193095
0.00244808
0.00295305
0.00143719
0.00135589
0.00187588
0.00190306
0.00181699
0.00190592
0.00260806
0.0030911
0.00197697
0.00202489
0.00183487
0.00192118
0.00192499
0.00192285
0.00241804
0.00299001
0.000254869
0.000427008
0.000819206
0.00136304
0.00188804
0.00233388
0.00284696
0.00338793
0.000240088
0.000362158
0.000786781
0.00135994
0.0019381
0.00233388
0.00286508
0.00331306
0.000921965
0.000921965
0.000861883
0.00133014
0.00184608
0.00194693
0.00238895
0.00293303
0.00142908
0.00137615
0.00190115
0.00193501
0.00194383
0.002177
0.00265694
0.00313187
0.00202799
0.001863
0.00188303
0.00196099
0.00198197
0.00205803
0.00257111
0.00306702
0.000266075
0.000429869
0.000797033
0.00130391
0.0018518
0.00234795
0.00285506
0.00348592
0.000257969
0.000426054
0.000860214
0.00142694
0.00199389
0.002527
0.00312185
0.00360799
0.000948906
0.00100398
0.00104094
0.00159907
0.00208497
0.00207806
0.0026412
0.00336099
0.00122595
0.00181484
0.00240397
0.0022192
0.00216103
0.00209403
0.00260901
0.00321388
0.00215197
0.00219107
0.00225711
0.00225997
0.00215507
0.00221896
0.00269198
0.00324106
0.000250101
0.000418186
0.000902176
0.00148296
0.00203204
0.00246096
0.00299406
0.00363708
0.000216961
0.000439882
0.000818014
0.00140095
0.0018549
0.00247002
0.00302792
0.00352812
0.000464916
0.00062108
0.00107598
0.00106692
0.00156498
0.00211596
0.00261402
0.00344205
0.00694895
0.00646901
0.00651097
0.00640416
0.00152302
0.00161505
0.00222182
0.00281405
0.00228906
0.00208592
0.00194907
0.00162411
0.00202513
0.00218391
0.00273395
0.003299
0.000236034
0.000411987
0.000890017
0.00144982
0.00208211
0.00254798
0.00321007
0.00376081
0.000281811
0.000424147
0.000974894
0.00141811
0.00201106
0.00266695
0.00332594
0.0039041
0.00161195
0.00162578
0.00166297
0.00157881
0.002213
0.00163603
0.00225115
0.00283599
0.00227904
0.00154901
0.00210619
0.00216103
0.00219584
0.00217915
0.00267911
0.0032599
0.0021739
0.00221086
0.00218821
0.00197101
0.00213599
0.00213194
0.00274515
0.00327015
0.000267982
0.000435114
0.000857115
0.00143409
0.00204802
0.00255799
0.00318885
0.00373912
0.000262976
0.00043416
0.00085187
0.00133991
0.00200582
0.0024879
0.00316095
0.00374389
0.00174999
0.00119901
0.0010891
0.0016551
0.00229597
0.00212598
0.00270104
0.00327492
0.002244
0.001616
0.00219202
0.00220799
0.00212693
0.00212979
0.00271201
0.00326896
0.00216913
0.00208807
0.00210404
0.00162697
0.00223708
0.00236106
0.0030179
0.00365806
0.000279903
0.000464916
0.000884056
0.00137401
0.00185609
0.00251508
0.0029521
0.003546
0.000283957
0.000411987
0.000915051
0.00150609
0.0020659
0.00271702
0.00332594
0.00392795
0.00118399
0.0017271
0.00100899
0.00159001
0.00216413
0.00162005
0.00279903
0.00280619
0.00152707
0.000977993
0.00152516
0.00148702
0.0016191
0.00158501
0.00160599
0.00273108
0.00166011
0.00147891
0.00152993
0.00113392
0.00166893
0.00168204
0.00224209
0.00287914
0.000264883
0.000424147
0.000932932
0.001477
0.00198913
0.00261497
0.00337005
0.00391293
0.000253201
0.000422001
0.000803947
0.0013442
0.00183201
0.00244212
0.00302291
0.00359392
0.000467062
0.00111008
0.00161314
0.00168014
0.00214195
0.00218511
0.00272799
0.00331092
0.00225306
0.00225091
0.00222611
0.00223207
0.00230408
0.00246787
0.00311208
0.00366783
0.00246096
0.0022161
0.00228214
0.00178909
0.00230789
0.00247097
0.00301099
0.00356793
0.000266075
0.000443935
0.000870943
0.00150204
0.00215602
0.00274205
0.00317717
0.0037961
0.000265837
0.00044179
0.000825882
0.00150418
0.00215197
0.00273705
0.00335908
0.00390291
0.00112009
0.00107408
0.000879049
0.00139999
0.0018909
0.00182986
0.00234604
0.002774
0.00130606
0.00126696
0.00177717
0.00177813
0.00173998
0.0018611
0.002249
0.00279808
0.00191307
0.00189805
0.0018909
0.001858
0.00176501
0.00181794
0.00226808
0.00272703
0.000261068
0.000432014
0.00088191
0.00143003
0.00193095
0.00226784
0.00280595
0.00318193
0.000257015
0.000343084
0.000881195
0.00138092
0.00190902
0.00243211
0.00286579
0.00332999
0.000823021
0.000781059
0.000833035
0.00133801
0.00178599
0.00184894
0.00229716
0.00273204
0.00129414
0.00132394
0.00179696
0.00187087
0.00180006
0.00175619
0.00215888
0.00261497
0.00182486
0.00134897
0.00131083
0.00131917
0.00128794
0.00133801
0.00170898
0.00216389
0.000203133
0.000411034
0.000785828
0.001297
0.0017159
0.00223184
0.00275302
0.00316691
0.000216961
0.000422955
0.000735998
0.00118995
0.00173688
0.00216103
0.00264812
0.003196
0.000311136
0.000767946
0.000759125
0.00128889
0.0017612
0.00176501
0.00226808
0.00279999
0.00191402
0.00144601
0.00192904
0.00183797
0.00181699
0.00181985
0.00232196
0.00284386
0.00138402
0.00190592
0.00194001
0.00202107
0.00201702
0.00201607
0.00248313
0.00297403
0.000221968
0.000389099
0.000800133
0.00155807
0.00207186
0.00250983
0.00302219
0.00343513
0.000215054
0.000427961
0.000728846
0.00119591
0.00169015
0.00220203
0.00271702
0.00328398
0.0014112
0.00152493
0.00217295
0.00257516
0.00268698
0.00281596
0.00330901
0.00382185
0.00146198
0.00202703
0.00197601
0.00199819
0.002033
0.00204802
0.00257587
0.00306702
0.002033
0.00204182
0.00200486
0.00202513
0.00205016
0.00212598
0.00269008
0.00313306
0.000233889
0.000396013
0.000836134
0.00129604
0.00186992
0.00238204
0.00283909
0.00325513
0.000230074
0.000370979
0.000870943
0.00137305
0.00189996
0.00230098
0.00287104
0.00341511
0.00204802
0.000945091
0.000927925
0.001477
0.00204515
0.00211406
0.00261378
0.00321579
0.00210381
0.00207806
0.00207496
0.00203419
0.00154495
0.00197506
0.00254703
0.00312901
0.00214911
0.002141
0.00213313
0.00201988
0.00199604
0.00210309
0.00266385
0.0031209
0.000236988
0.000404119
0.00082612
0.00136185
0.00193596
0.00254703
0.00315905
0.00361705
0.000221968
0.000377893
0.000773191
0.00137901
0.0019052
0.0025239
0.0030148
0.00354099
0.000916958
0.000938892
0.00107193
0.00163889
0.00220513
0.00218797
0.00277495
0.00332808
0.0015521
0.00155783
0.00208402
0.00215101
0.00227809
0.002141
0.0026989
0.00322413
0.00212193
0.00212598
0.00215197
0.00225401
0.00219321
0.00225997
0.00276208
0.00333405
0.000248194
0.000423193
0.000880957
0.00141692
0.00201201
0.00253582
0.0032351
0.00382209
0.000258923
0.000433922
0.000813961
0.00131512
0.00188518
0.00250387
0.00310707
0.003613
0.000504017
0.000982046
0.00090003
0.00134301
0.00194407
0.00208092
0.00267982
0.00317097
0.00158596
0.00148797
0.00200009
0.00206614
0.00181603
0.00201106
0.00261092
0.00308418
0.0020411
0.00201893
0.00193596
0.00204396
0.00202608
0.002033
0.00244498
0.00301099
0.000319004
0.000409126
0.000900984
0.00153208
0.00209403
0.002563
0.00321317
0.003757
0.000280142
0.000435829
0.000908136
0.00137496
0.00198197
0.00256491
0.00314593
0.0036521
0.00108409
0.00104713
0.000970125
0.00145912
0.00206494
0.00221109
0.00273085
0.00339699
0.00167298
0.00183392
0.0023942
0.00186086
0.00243402
0.002213
0.00278401
0.00329208
0.00206995
0.0021112
0.00215793
0.00169396
0.00170898
0.00171995
0.002249
0.00283003
0.000251055
0.000494003
0.000921965
0.00155306
0.00209785
0.00267601
0.00329208
0.00370407
0.000265837
0.000417948
0.00105
0.00158906
0.0022161
0.00275111
0.00338602
0.00389481
0.00167799
0.00102806
0.000427008
0.000976086
0.00158381
0.00218296
0.00273705
0.00326514
0.00155592
0.00103593
0.00121093
0.0017221
0.00230503
0.00232792
0.00279403
0.00342011
0.00118709
0.00181293
0.00233507
0.00223589
0.00223804
0.00225782
0.00272799
0.00337791
0.000245094
0.0004251
0.000930071
0.00154305
0.00204396
0.00267696
0.00333095
0.00385213
0.000247002
0.000424147
0.000864983
0.00149107
0.00213385
0.00270009
0.00327396
0.00386405
0.00113988
0.00129199
0.00114489
0.00169301
0.00225306
0.00221419
0.00280499
0.00344491
0.00114584
0.00178194
0.002316
0.00178814
0.00223613
0.00222802
0.002707
0.00313497
0.00188899
0.00186491
0.00181389
0.00192595
0.00185895
0.00183415
0.0022831
0.00277185
0.00027895
0.000453949
0.000854015
0.00136495
0.00188303
0.00241804
0.00293303
0.00337195
0.000243902
0.000437021
0.000845909
0.00130677
0.00189614
0.00235987
0.00285912
0.00332403
0.000872135
0.000905991
0.001333
0.00188899
0.00190616
0.00185513
0.00234509
0.00285196
0.0014441
0.00199699
0.00196004
0.00136709
0.00185895
0.00183797
0.00232887
0.00304699
0.00115609
0.00214386
0.00206184
0.00131512
0.00118613
0.00123215
0.00167799
0.00219011
0.00205302
0.00209999
0.00219917
0.00312686
0.00358701
0.00414896
0.00466299
0.005162
0.000247955
0.000422001
0.000807047
0.00127387
0.001827
0.00226092
0.00278687
0.00325704
0.000348806
0.000512838
0.000865221
0.00142288
0.0018301
0.00195098
0.00243211
0.0030098
0.00148296
0.00200319
0.00198507
0.00195789
0.00200582
0.00196505
0.00247312
0.00294495
0.00184011
0.00191808
0.00188804
0.00195289
0.00192714
0.00194311
0.00261712
0.00310206
0.000254869
0.000412941
0.000802994
0.00124598
0.00160003
0.00205398
0.00269985
0.0030961
0.000267029
0.000437021
0.000804901
0.00132799
0.00182986
0.00235415
0.00294018
0.00340509
0.000402212
0.000905037
0.000816822
0.00130701
0.00182199
0.00126219
0.0016911
0.00223613
0.000935078
0.00137901
0.00198317
0.00200391
0.00219297
0.0021739
0.00277901
0.00335193
0.00206995
0.00208616
0.00217295
0.00169206
0.00239921
0.00238204
0.00314212
0.00363803
0.000261068
0.000385046
0.000819921
0.00148511
0.00203896
0.00265002
0.003124
0.00367188
0.000272989
0.000494003
0.000925064
0.0014348
0.00203705
0.00257492
0.00313807
0.00359392
0.00147796
0.00100303
0.00102711
0.00151706
0.00208902
0.00219488
0.00218701
0.00274992
0.000452995
0.000483036
0.00109792
0.00107217
0.00161195
0.00100398
0.00153899
0.002177
0.00228214
0.002285
0.00240493
0.00231504
0.00229311
0.00218511
0.00278115
0.00339603
0.000248194
0.00041604
0.000815153
0.00142002
0.00204301
0.00263405
0.00324297
0.00380087
0.000248909
0.000429869
0.000897884
0.00148678
0.00220084
0.00280094
0.00329685
0.00388885
0.000971079
0.00104785
0.00100207
0.00150108
0.00209379
0.00215387
0.00273609
0.00324416
0.00158405
0.00216794
0.00216913
0.00225997
0.00237799
0.00238109
0.00290298
0.00339699
0.00218105
0.00212979
0.00209999
0.00214291
0.00216317
0.00213909
0.00268292
0.00315118
0.000245094
0.00041914
0.000856876
0.0014441
0.00207686
0.00264907
0.00327897
0.00377488
0.00025177
0.00037694
0.000888109
0.00149989
0.00214291
0.00270605
0.00329494
0.00382304
0.0017221
0.00165486
0.00106907
0.00162315
0.00207615
0.00217915
0.00279522
0.00337195
0.00213599
0.00216699
0.00215983
0.00166988
0.00217509
0.00212097
0.00271702
0.00328517
0.00208592
0.00150394
0.00211978
0.00214911
0.00211596
0.00204992
0.0027082
0.00335503
0.000244856
0.000411034
0.00088191
0.001472
0.00198317
0.002702
0.00321794
0.00374794
0.000235081
0.000355005
0.000790119
0.00131917
0.00182796
0.00241089
0.00303102
0.00413489
0.00215316
0.00224209
0.00165009
0.00172496
0.00219512
0.00209808
0.00265408
0.00325799
0.00218511
0.0022819
0.00230718
0.00222421
0.00229502
0.00224805
0.00283408
0.00331187
0.00232911
0.00229287
0.00227189
0.00227904
0.00219417
0.00221801
0.00278997
0.00336504
0.000261068
0.000433922
0.000920057
0.00136709
0.00202513
0.00248909
0.00310612
0.00367904
0.000257015
0.000427961
0.000921011
0.00152612
0.00205207
0.00262809
0.00318503
0.00380921
0.00127292
0.00187397
0.00107098
0.00171614
0.00223207
0.00220299
0.00275898
0.00342512
0.00172806
0.00177598
0.00226188
0.00218797
0.0023911
0.00233603
0.00285602
0.00338697
0.00201392
0.00209188
0.00211692
0.00218296
0.00230217
0.00244904
0.0029428
0.00362301
0.000235081
0.000410795
0.000813961
0.00142694
0.00195003
0.00259995
0.00305295
0.00362802
0.000242233
0.000424147
0.000887156
0.00149012
0.00209689
0.00256395
0.00317001
0.0037601
0.00106812
0.00108218
0.001127
0.00170994
0.00251198
0.00254488
0.00312018
0.00372005
0.00163412
0.00171614
0.00220013
0.00219107
0.00221491
0.00216794
0.00272703
0.00327611
0.00227594
0.00225616
0.001755
0.00181484
0.0016489
0.00165892
0.00227308
0.00294709
0.000257969
0.000410795
0.000784874
0.00122714
0.0016768
0.00217295
0.00252104
0.00294805
0.000234842
0.000343084
0.000797033
0.00115013
0.00167608
0.00202394
0.00256205
0.00305986
0.000880957
0.000856876
0.000854015
0.00130606
0.0018611
0.00180602
0.00224805
0.00274301
0.000983953
0.00140214
0.00194812
0.00184107
0.00168395
0.00180316
0.00229192
0.00273705
0.00177908
0.00176311
0.00174308
0.00170994
0.00169802
0.00180316
0.00228286
0.00276709
0.000241041
0.000425816
0.000833988
0.00133991
0.00176692
0.00224304
0.00269485
0.00316191
0.000251055
0.000432968
0.000831127
0.00133395
0.00179601
0.00229406
0.00279498
0.00331497
0.000910044
0.000921011
0.000849962
0.00126195
0.00167608
0.001683
0.00222397
0.00267601
0.000803947
0.00127697
0.00176501
0.00175691
0.00186801
0.00180101
0.00242901
0.00287509
0.0019052
0.0019691
0.00183082
0.00184703
0.0019691
0.0018599
0.00240707
0.00283098
0.000236988
0.000396967
0.000759125
0.00120306
0.00172496
0.00222492
0.00269103
0.00322318
0.000253201
0.000447035
0.000873089
0.00140905
0.00193691
0.00241709
0.00299287
0.0034399
0.000895023
0.000966072
0.000863075
0.00137091
0.00193787
0.00203609
0.00249791
0.00311184
0.00155711
0.00152993
0.00199795
0.00198507
0.00194097
0.001966
0.00249505
0.0029881
0.00188899
0.00188899
0.0019269
0.00188112
0.00201297
0.00212097
0.0026319
0.00311208
0.000247955
0.00041008
0.000874996
0.001333
0.00180697
0.00246811
0.00300598
0.00350308
0.000231981
0.000422955
0.000793219
0.00130892
0.00184512
0.00237703
0.003093
0.00365901
0.00105095
0.00157714
0.00156498
0.00203204
0.00208092
0.00215507
0.00279903
0.00333595
0.00231004
0.00229192
0.00225282
0.00215793
0.00212789
0.0021081
0.00268102
0.00332093
0.0022788
0.00230598
0.00225306
0.00219107
0.00214219
0.00208497
0.00275183
0.00336313
0.000268936
0.000533819
0.0010469
0.00155592
0.00218487
0.00272894
0.00320005
0.00384808
0.000277042
0.000411034
0.000892878
0.00176191
0.00251698
0.00297809
0.00360799
0.00431895
0.00123286
0.00104499
0.00104713
0.00165105
0.00226593
0.00219417
0.00275183
0.00343609
0.00169706
0.00166512
0.00227809
0.00220108
0.00226092
0.00174594
0.00228381
0.00289488
0.00164986
0.00165892
0.00157094
0.00254297
0.00268984
0.00257516
0.00315595
0.00376296
0.000294924
0.000468016
0.000940084
0.00166011
0.00213099
0.002877
0.00345802
0.00401115
0.000253916
0.000419855
0.000852108
0.00148082
0.00210595
0.00267887
0.00325704
0.00382805
0.00102401
0.00104904
0.000982046
0.00156093
0.00212908
0.00229192
0.00276589
0.00338316
0.00226116
0.00220299
0.00213695
0.00205898
0.00235319
0.00242805
0.00301099
0.0036869
0.00240421
0.002285
0.00227499
0.00209117
0.00208712
0.00216103
0.00270605
0.00323486
0.000246048
0.000404119
0.000895023
0.00148392
0.00198507
0.00266504
0.00319195
0.00368094
0.000236034
0.000411034
0.000797033
0.0013628
0.00195909
0.00262308
0.00319386
0.003865
0.00117183
0.00116301
0.00101304
0.00153923
0.00217295
0.00231409
0.00229812
0.00341487
0.000950098
0.00159812
0.00215983
0.00166297
0.001791
0.00169396
0.00230694
0.00291586
0.00233197
0.00226808
0.0022769
0.0023129
0.00221896
0.00187802
0.00242305
0.00292993
0.000263929
0.000432968
0.000988007
0.00160503
0.00226998
0.00304294
0.00360417
0.00411201
