0.00142622
0.00187588
6.98566e-05
9.10759e-05
4.79221e-05
9.39369e-05
5.81741e-05
6.19888e-05
4.29153e-05
6.41346e-05
6.69956e-05
8.2016e-05
4.88758e-05
6.69956e-05
4.19617e-05
6.31809e-05
2.71797e-05
4.07696e-05
6.98566e-05
7.60555e-05
7.9155e-05
6.69956e-05
6.19888e-05
7.51019e-05
6.69956e-05
7.79629e-05
4.81606e-05
5.60284e-05
6.69956e-05
6.41346e-05
6.19888e-05
8.2016e-05
8.01086e-05
7.79629e-05
5.88894e-05
8.4877e-05
3.60012e-05
5.10216e-05
5.79357e-05
4.69685e-05
8.39233e-05
0.000101089
5.10216e-05
6.69956e-05
5.60284e-05
6.79493e-05
4.69685e-05
6.79493e-05
5.48363e-05
6.38962e-05
7.9155e-05
8.10623e-05
5.91278e-05
4.60148e-05
4.79221e-05
4.50611e-05
5.38826e-05
6.10352e-05
5.6982e-05
7.41482e-05
5.79357e-05
5.6982e-05
5.48363e-05
6.41346e-05
7.10487e-05
7.29561e-05
1.40667e-05
6.91414e-05
1.38283e-05
0.000158072
5.91278e-05
5.91278e-05
6.50883e-05
6.10352e-05
4.69685e-05
4.60148e-05
5.4121e-05
5.88894e-05
7.08103e-05
7.41482e-05
7.98702e-05
8.41618e-05
5.6982e-05
7.9155e-05
5.81741e-05
7.41482e-05
5.10216e-05
6.00815e-05
5.48363e-05
7.31945e-05
6.10352e-05
0.000134945
4.91142e-05
5.81741e-05
5.88894e-05
6.19888e-05
6.79493e-05
6.41346e-05
5.60284e-05
9.70364e-05
6.00815e-05
7.98702e-05
6.41346e-05
6.50883e-05
5.79357e-05
7.10487e-05
6.10352e-05
6.79493e-05
4.88758e-05
5.10216e-05
5.60284e-05
8.01086e-05
5.91278e-05
5.79357e-05
4.79221e-05
6.69956e-05
5.19753e-05
7.41482e-05
6.98566e-05
8.08239e-05
5.4121e-05
7.58171e-05
4.88758e-05
5.10216e-05
8.41618e-05
9.89437e-05
5.19753e-05
6.69956e-05
5.48363e-05
5.4121e-05
6.79493e-05
7.70092e-05
4.60148e-05
4.60148e-05
5.60284e-05
6.29425e-05
6.00815e-05
7.48634e-05
5.19753e-05
8.91685e-05
7.89165e-05
7.98702e-05
4.91142e-05
6.60419e-05
6.50883e-05
7.20024e-05
2.7895e-05
7.29561e-05
6.10352e-05
7.79629e-05
7.10487e-05
6.69956e-05
5.6982e-05
6.60419e-05
6.10352e-05
6.91414e-05
5.79357e-05
7.51019e-05
5.29289e-05
8.29697e-05
5.88894e-05
9.39369e-05
6.50883e-05
7.82013e-05
5.50747e-05
5.38826e-05
6.8903e-05
7.10487e-05
1.90735e-05
8.70228e-05
4.69685e-05
7.20024e-05
6.29425e-05
7.20024e-05
5.48363e-05
7.39098e-05
6.48499e-05
8.01086e-05
1.5974e-05
6.60419e-05
4.79221e-05
9.60827e-05
3.79086e-05
6.29425e-05
6.79493e-05
6.69956e-05
3.79086e-05
5.79357e-05
2.7895e-05
6.29425e-05
5.00679e-05
6.00815e-05
5.6982e-05
7.29561e-05
5.60284e-05
4.60148e-05
6.60419e-05
8.10623e-05
6.19888e-05
7.48634e-05
3.50475e-05
8.08239e-05
1.5974e-05
4.91142e-05
5.4121e-05
6.10352e-05
4.29153e-05
4.50611e-05
5.72205e-05
6.50883e-05
8.39233e-05
8.2016e-05
4.91142e-05
5.4121e-05
4.50611e-05
5.60284e-05
5.10216e-05
6.79493e-05
8.2016e-05
0.000129938
7.20024e-05
8.89301e-05
5.19753e-05
5.98431e-05
3.19481e-05
4.69685e-05
3.79086e-05
5.91278e-05
5.79357e-05
6.38962e-05
3.91006e-05
5.60284e-05
2.69413e-05
4.69685e-05
3.21865e-05
4.91142e-05
2.88486e-05
7.20024e-05
3.09944e-05
5.79357e-05
6.00815e-05
5.48363e-05
3.09944e-05
7.39098e-05
1.5974e-05
7.00951e-05
5.6982e-05
5.10216e-05
4.3869e-05
8.2016e-05
3.21865e-05
5.88894e-05
3.40939e-05
5.60284e-05
3.71933e-05
6.8903e-05
2.71797e-05
4.69685e-05
6.41346e-05
9.67979e-05
3.69549e-05
5.6982e-05
5.79357e-05
2.69413e-05
6.10352e-05
6.69956e-05
6.41346e-05
5.98431e-05
3.50475e-05
5.4121e-05
4.41074e-05
6.10352e-05
4.1008e-05
8.2016e-05
5.19753e-05
5.50747e-05
6.19888e-05
6.60419e-05
5.00679e-05
6.29425e-05
5.81741e-05
4.69685e-05
2.59876e-05
5.50747e-05
5.4121e-05
6.81877e-05
4.48227e-05
4.98295e-05
3.91006e-05
9.10759e-05
3.31402e-05
5.91278e-05
2.59876e-05
5.48363e-05
5.00679e-05
0.000100136
5.10216e-05
4.69685e-05
2.88486e-05
4.00543e-05
5.6982e-05
5.38826e-05
5.29289e-05
6.29425e-05
5.10216e-05
4.50611e-05
5.10216e-05
5.81741e-05
6.00815e-05
6.60419e-05
1.69277e-05
7.10487e-05
5.81741e-05
7.10487e-05
2.88486e-05
5.50747e-05
4.19617e-05
5.38826e-05
7.29561e-05
6.8903e-05
6.69956e-05
0.000104904
5.50747e-05
6.50883e-05
5.31673e-05
5.4121e-05
6.98566e-05
7.98702e-05
6.69956e-05
8.51154e-05
7.9155e-05
7.39098e-05
5.38826e-05
7.29561e-05
5.81741e-05
6.38962e-05
5.4121e-05
5.88894e-05
4.50611e-05
7.79629e-05
6.38962e-05
8.60691e-05
4.91142e-05
6.8903e-05
5.60284e-05
6.91414e-05
4.79221e-05
5.10216e-05
7.39098e-05
8.29697e-05
4.81606e-05
5.88894e-05
5.50747e-05
7.20024e-05
6.19888e-05
8.10623e-05
4.79221e-05
6.41346e-05
7.48634e-05
7.29561e-05
5.00679e-05
4.79221e-05
5.81741e-05
6.79493e-05
1.88351e-05
6.8903e-05
5.19753e-05
6.50883e-05
6.8903e-05
7.89165e-05
5.91278e-05
7.60555e-05
5.81741e-05
4.69685e-05
6.50883e-05
6.98566e-05
5.6982e-05
6.79493e-05
6.41346e-05
9.41753e-05
5.10216e-05
5.91278e-05
5.72205e-05
6.38962e-05
5.98431e-05
8.01086e-05
5.38826e-05
7.10487e-05
5.50747e-05
5.29289e-05
7.60555e-05
0.000106096
7.29561e-05
8.60691e-05
5.00679e-05
6.69956e-05
5.31673e-05
7.10487e-05
6.10352e-05
7.60555e-05
5.60284e-05
7.60555e-05
5.38826e-05
6.98566e-05
5.88894e-05
8.01086e-05
2.81334e-05
6.91414e-05
2.59876e-05
8.70228e-05
4.69685e-05
5.29289e-05
5.60284e-05
7.89165e-05
3.38554e-05
7.29561e-05
4.00543e-05
5.6982e-05
4.60148e-05
6.29425e-05
7.08103e-05
8.60691e-05
5.38826e-05
6.19888e-05
5.60284e-05
8.79765e-05
5.91278e-05
7.89165e-05
6.38962e-05
8.39233e-05
6.10352e-05
5.10216e-05
5.81741e-05
6.29425e-05
5.6982e-05
6.19888e-05
5.60284e-05
5.6982e-05
6.19888e-05
6.50883e-05
6.00815e-05
6.58035e-05
5.60284e-05
6.60419e-05
5.4121e-05
6.98566e-05
6.79493e-05
7.20024e-05
7.70092e-05
8.79765e-05
5.81741e-05
6.50883e-05
4.50611e-05
7.20024e-05
4.60148e-05
7.70092e-05
6.41346e-05
8.2016e-05
6.50883e-05
8.29697e-05
5.29289e-05
6.98566e-05
6.00815e-05
7.10487e-05
2.00272e-05
7.51019e-05
5.4121e-05
8.39233e-05
5.60284e-05
7.10487e-05
6.81877e-05
8.98838e-05
5.22137e-05
5.88894e-05
6.19888e-05
5.29289e-05
5.81741e-05
4.79221e-05
2.69413e-05
7.51019e-05
5.00679e-05
5.50747e-05
4.79221e-05
5.4121e-05
6.00815e-05
7.10487e-05
4.69685e-05
5.79357e-05
4.81606e-05
7.70092e-05
8.89301e-05
8.79765e-05
5.00679e-05
6.60419e-05
7.41482e-05
8.29697e-05
5.38826e-05
5.79357e-05
2.59876e-05
8.79765e-05
5.00679e-05
6.00815e-05
5.60284e-05
6.29425e-05
4.88758e-05
4.79221e-05
5.19753e-05
7.70092e-05
5.38826e-05
6.69956e-05
6.38962e-05
9.20296e-05
5.50747e-05
6.79493e-05
4.1008e-05
7.41482e-05
3.91006e-05
4.69685e-05
2.28882e-05
8.79765e-05
6.29425e-05
6.98566e-05
6.50883e-05
7.70092e-05
3.31402e-05
6.98566e-05
6.69956e-05
7.10487e-05
5.07832e-05
7.51019e-05
3.00407e-05
9.60827e-05
5.00679e-05
6.79493e-05
6.98566e-05
6.69956e-05
6.07967e-05
7.89165e-05
7.89165e-05
0.000108004
4.79221e-05
0.000108004
6.10352e-05
7.41482e-05
5.60284e-05
8.01086e-05
4.79221e-05
6.10352e-05
5.29289e-05
6.58035e-05
8.2016e-05
5.50747e-05
5.31673e-05
5.00679e-05
5.00679e-05
8.4877e-05
5.00679e-05
6.69956e-05
8.60691e-05
0.000108004
6.38962e-05
9.01222e-05
5.10216e-05
6.50883e-05
4.79221e-05
5.6982e-05
6.19888e-05
6.19888e-05
6.79493e-05
8.10623e-05
9.29832e-05
0.000100136
6.41346e-05
8.79765e-05
4.91142e-05
5.60284e-05
4.79221e-05
4.98295e-05
7.9155e-05
7.98702e-05
4.79221e-05
6.00815e-05
5.91278e-05
4.79221e-05
4.98295e-05
7.79629e-05
5.48363e-05
6.19888e-05
5.6982e-05
6.48499e-05
5.79357e-05
7.9155e-05
7.79629e-05
6.60419e-05
5.29289e-05
6.19888e-05
5.50747e-05
6.8903e-05
6.48499e-05
6.81877e-05
7.70092e-05
8.51154e-05
5.29289e-05
5.6982e-05
5.29289e-05
4.98295e-05
5.29289e-05
6.41346e-05
6.41346e-05
7.60555e-05
5.00679e-05
6.38962e-05
5.19753e-05
5.6982e-05
4.60148e-05
5.50747e-05
4.22001e-05
5.6982e-05
5.88894e-05
6.79493e-05
2.5034e-05
8.79765e-05
6.38962e-05
8.2016e-05
5.10216e-05
6.60419e-05
5.72205e-05
6.50883e-05
4.79221e-05
5.29289e-05
4.19617e-05
6.29425e-05
3.60012e-05
6.00815e-05
3.60012e-05
7.20024e-05
4.1008e-05
7.29561e-05
4.1008e-05
5.4121e-05
3.8147e-05
5.79357e-05
6.10352e-05
6.69956e-05
5.60284e-05
8.79765e-05
5.79357e-05
6.98566e-05
2.28882e-05
7.10487e-05
3.79086e-05
6.31809e-05
5.4121e-05
5.72205e-05
5.29289e-05
6.41346e-05
5.31673e-05
6.48499e-05
6.10352e-05
7.20024e-05
3.91006e-05
4.19617e-05
3.8147e-05
3.60012e-05
5.91278e-05
7.31945e-05
6.60419e-05
8.79765e-05
4.3869e-05
5.50747e-05
3.88622e-05
6.60419e-05
3.19481e-05
4.79221e-05
6.19888e-05
8.01086e-05
5.4121e-05
6.29425e-05
3.38554e-05
6.60419e-05
3.00407e-05
5.60284e-05
6.10352e-05
6.69956e-05
2.69413e-05
6.19888e-05
5.4121e-05
4.88758e-05
3.38554e-05
4.81606e-05
4.19617e-05
6.29425e-05
4.79221e-05
5.81741e-05
3.60012e-05
5.60284e-05
3.71933e-05
4.81606e-05
3.71933e-05
7.60555e-05
4.1008e-05
6.10352e-05
3.09944e-05
8.60691e-05
4.91142e-05
5.88894e-05
4.91142e-05
5.88894e-05
6.41346e-05
7.39098e-05
5.81741e-05
7.10487e-05
4.3869e-05
5.6982e-05
4.69685e-05
5.48363e-05
2.09808e-05
4.50611e-05
4.31538e-05
6.10352e-05
3.29018e-05
7.29561e-05
3.40939e-05
0.000124931
5.10216e-05
8.29697e-05
5.10216e-05
7.20024e-05
4.69685e-05
5.88894e-05
4.60148e-05
4.41074e-05
3.40939e-05
5.98431e-05
6.50883e-05
7.10487e-05
3.60012e-05
5.88894e-05
5.79357e-05
9.70364e-05
4.3869e-05
7.67708e-05
3.8147e-05
4.3869e-05
4.19617e-05
5.91278e-05
4.60148e-05
7.70092e-05
3.60012e-05
7.41482e-05
3.60012e-05
3.50475e-05
3.40939e-05
4.81606e-05
5.00679e-05
6.79493e-05
6.00815e-05
6.38962e-05
4.69685e-05
5.00679e-05
2.59876e-05
7.89165e-05
3.60012e-05
6.29425e-05
5.19753e-05
6.50883e-05
3.79086e-05
4.69685e-05
4.60148e-05
6.00815e-05
3.60012e-05
5.6982e-05
3.09944e-05
5.91278e-05
2.40803e-05
5.00679e-05
4.88758e-05
7.00951e-05
3.69549e-05
5.98431e-05
2.88486e-05
8.2016e-05
2.59876e-05
5.81741e-05
5.10216e-05
7.20024e-05
6.19888e-05
6.69956e-05
5.48363e-05
6.50883e-05
3.91006e-05
6.00815e-05
2.7895e-05
5.98431e-05
6.19888e-05
7.29561e-05
7.00951e-05
7.98702e-05
4.19617e-05
6.29425e-05
3.69549e-05
4.91142e-05
3.40939e-05
4.79221e-05
2.71797e-05
5.6982e-05
6.00815e-05
6.98566e-05
3.29018e-05
8.10623e-05
4.19617e-05
6.10352e-05
5.91278e-05
8.39233e-05
4.69685e-05
5.79357e-05
1.50204e-05
6.50883e-05
3.40939e-05
6.41346e-05
4.19617e-05
7.79629e-05
1.40667e-05
3.98159e-05
3.60012e-05
9.70364e-05
5.10216e-05
5.50747e-05
3.38554e-05
6.31809e-05
4.81606e-05
8.91685e-05
7.10487e-05
6.69956e-05
4.69685e-05
5.29289e-05
5.60284e-05
7.10487e-05
4.19617e-05
9.29832e-05
5.00679e-05
7.70092e-05
3.29018e-05
4.91142e-05
2.5034e-05
5.6982e-05
6.10352e-05
9.60827e-05
4.1008e-05
5.38826e-05
4.29153e-05
6.50883e-05
5.19753e-05
7.60555e-05
6.29425e-05
6.41346e-05
5.98431e-05
5.48363e-05
3.69549e-05
6.79493e-05
2.88486e-05
7.9155e-05
4.3869e-05
6.10352e-05
3.91006e-05
5.19753e-05
5.79357e-05
5.38826e-05
5.60284e-05
4.3869e-05
5.10216e-05
6.98566e-05
5.72205e-05
5.79357e-05
1.90735e-05
5.98431e-05
4.19617e-05
7.82013e-05
3.31402e-05
5.10216e-05
5.31673e-05
6.31809e-05
5.38826e-05
5.88894e-05
6.19888e-05
7.60555e-05
5.29289e-05
5.48363e-05
3.69549e-05
6.50883e-05
2.90871e-05
8.29697e-05
4.19617e-05
5.6982e-05
2.31266e-05
5.79357e-05
4.91142e-05
6.19888e-05
4.50611e-05
6.69956e-05
3.00407e-05
8.39233e-05
4.1008e-05
5.19753e-05
5.79357e-05
0.000105143
5.00679e-05
5.91278e-05
5.10216e-05
5.50747e-05
3.00407e-05
5.4121e-05
4.00543e-05
4.88758e-05
4.88758e-05
6.19888e-05
5.6982e-05
5.98431e-05
4.19617e-05
6.29425e-05
4.00543e-05
6.79493e-05
3.69549e-05
5.57899e-05
2.88486e-05
6.50883e-05
4.81606e-05
5.50747e-05
4.00543e-05
6.79493e-05
3.19481e-05
4.91142e-05
3.00407e-05
6.69956e-05
6.10352e-05
7.60555e-05
5.81741e-05
7.29561e-05
3.8147e-05
5.81741e-05
4.50611e-05
6.8903e-05
2.59876e-05
5.6982e-05
5.88894e-05
9.89437e-05
4.72069e-05
5.6982e-05
4.91142e-05
5.50747e-05
4.91142e-05
5.88894e-05
4.69685e-05
3.38554e-05
3.40939e-05
4.79221e-05
5.91278e-05
6.69956e-05
3.79086e-05
6.29425e-05
3.31402e-05
6.60419e-05
4.19617e-05
0.00011301
6.41346e-05
8.29697e-05
6.69956e-05
7.08103e-05
6.8903e-05
7.20024e-05
4.60148e-05
9.70364e-05
3.19481e-05
4.3869e-05
3.88622e-05
4.50611e-05
4.79221e-05
7.41482e-05
1.78814e-05
7.9155e-05
6.58035e-05
8.2016e-05
4.00543e-05
6.38962e-05
4.69685e-05
7.51019e-05
5.60284e-05
8.70228e-05
5.31673e-05
5.29289e-05
5.6982e-05
6.50883e-05
6.19888e-05
6.91414e-05
2.7895e-05
5.6982e-05
6.00815e-05
6.10352e-05
7.20024e-05
9.01222e-05
