0.00109482
0.00274205
0.00215483
0.00343704
0.00448513
0.00529408
0.00589895
0.000437021
0.00643706
5.79357e-05
2.09808e-05
4.29153e-05
7.41482e-05
5.79357e-05
7.10487e-05
7.60555e-05
5.31673e-05
5.6982e-05
3.60012e-05
6.29425e-05
5.60284e-05
5.29289e-05
4.60148e-05
4.69685e-05
5.00679e-05
3.40939e-05
3.09944e-05
5.60284e-05
4.19617e-05
2.81334e-05
4.3869e-05
0.000113964
5.88894e-05
6.7234e-05
8.70228e-05
6.10352e-05
7.41482e-05
0.000118971
0.000123978
8.79765e-05
1.5974e-05
3.21865e-05
2.7895e-05
2.5034e-05
3.09944e-05
0.000102997
6.8903e-05
5.79357e-05
0.000109196
5.98431e-05
4.79221e-05
3.91006e-05
3.31402e-05
3.40939e-05
7.48634e-05
8.08239e-05
3.21865e-05
3.00407e-05
4.48227e-05
3.09944e-05
4.50611e-05
6.98566e-05
5.91278e-05
4.07696e-05
3.60012e-05
5.6982e-05
4.00543e-05
3.19481e-05
5.00679e-05
1.69277e-05
6.38962e-05
7.51019e-05
3.91006e-05
4.3869e-05
4.19617e-05
8.51154e-05
7.70092e-05
5.6982e-05
0.000159025
0.000173092
1.69277e-05
8.4877e-05
5.79357e-05
6.10352e-05
6.79493e-05
7.51019e-05
8.17776e-05
8.70228e-05
3.21865e-05
1.69277e-05
6.10352e-05
7.89165e-05
4.69685e-05
2.59876e-05
5.6982e-05
6.10352e-05
4.98295e-05
4.88758e-05
3.19481e-05
4.50611e-05
5.00679e-05
4.60148e-05
4.98295e-05
9.39369e-05
4.1008e-05
3.09944e-05
3.69549e-05
6.79493e-05
2.5034e-05
4.00543e-05
6.50883e-05
9.48906e-05
5.10216e-05
1.40667e-05
9.01222e-05
8.98838e-05
0.000117064
7.48634e-05
0.000127077
0.000263214
5.91278e-05
7.60555e-05
1.40667e-05
7.10487e-05
5.6982e-05
7.70092e-05
0.000109911
0.00010705
7.00951e-05
6.60419e-05
5.19753e-05
3.31402e-05
5.60284e-05
4.60148e-05
6.38962e-05
6.69956e-05
2.19345e-05
3.09944e-05
6.29425e-05
7.60555e-05
4.00543e-05
6.81877e-05
6.69956e-05
0.000145197
5.6982e-05
4.00543e-05
4.72069e-05
6.69956e-05
5.29289e-05
4.3869e-05
5.38826e-05
8.60691e-05
6.38962e-05
7.48634e-05
4.91142e-05
7.58171e-05
8.10623e-05
7.79629e-05
0.000101089
6.79493e-05
3.79086e-05
2.40803e-05
7.20024e-05
4.88758e-05
4.41074e-05
7.20024e-05
7.48634e-05
0.000102043
2.7895e-05
4.3869e-05
8.01086e-05
4.60148e-05
1.90735e-05
7.70092e-05
3.60012e-05
6.29425e-05
3.98159e-05
4.19617e-05
2.71797e-05
4.1008e-05
3.98159e-05
3.38554e-05
3.69549e-05
5.07832e-05
4.1008e-05
3.50475e-05
3.79086e-05
4.48227e-05
4.48227e-05
4.41074e-05
4.50611e-05
7.79629e-05
3.00407e-05
6.91414e-05
8.58307e-05
6.79493e-05
9.91821e-05
5.88894e-05
4.88758e-05
8.79765e-05
5.91278e-05
4.50611e-05
7.29561e-05
3.31402e-05
6.91414e-05
5.60284e-05
0.000120163
0.000117064
3.69549e-05
3.19481e-05
2.5034e-05
4.48227e-05
6.48499e-05
4.19617e-05
5.29289e-05
6.60419e-05
3.69549e-05
4.3869e-05
4.81606e-05
3.50475e-05
3.29018e-05
5.10216e-05
6.19888e-05
0.000100136
2.81334e-05
3.60012e-05
3.48091e-05
3.29018e-05
3.40939e-05
4.1008e-05
4.91142e-05
6.69956e-05
5.10216e-05
3.50475e-05
2.19345e-05
8.32081e-05
9.89437e-05
0.000102997
0.000128031
0.000117064
2.71797e-05
2.19345e-05
2.09808e-05
7.20024e-05
4.50611e-05
4.41074e-05
8.10623e-05
0.000152111
4.41074e-05
6.8903e-05
5.29289e-05
5.50747e-05
8.01086e-05
4.1008e-05
4.88758e-05
4.50611e-05
6.91414e-05
3.60012e-05
6.60419e-05
3.79086e-05
4.69685e-05
4.50611e-05
5.48363e-05
6.79493e-05
3.09944e-05
5.50747e-05
3.91006e-05
4.1008e-05
4.88758e-05
3.69549e-05
4.91142e-05
7.70092e-05
4.69685e-05
4.3869e-05
4.1008e-05
9.29832e-05
8.98838e-05
3.60012e-05
0.000137091
6.60419e-05
2.5034e-05
5.81741e-05
6.29425e-05
1.50204e-05
8.10623e-05
7.10487e-05
0.000108957
0.000124931
8.32081e-05
2.09808e-05
7.20024e-05
6.69956e-05
7.79629e-05
1.40667e-05
5.29289e-05
7.10487e-05
4.00543e-05
2.81334e-05
6.79493e-05
5.79357e-05
4.60148e-05
5.72205e-05
7.29561e-05
6.19888e-05
3.69549e-05
0.000113964
3.60012e-05
0.000108004
2.28882e-05
1.5974e-05
5.79357e-05
7.10487e-05
3.60012e-05
6.91414e-05
6.81877e-05
8.89301e-05
9.48906e-05
0.000111818
4.48227e-05
0.000135899
4.1008e-05
4.50611e-05
7.00951e-05
9.29832e-05
0.000108004
0.000103951
9.70364e-05
0.000114918
6.00815e-05
5.38826e-05
5.29289e-05
6.8903e-05
2.5034e-05
4.29153e-05
6.38962e-05
9.01222e-05
6.60419e-05
4.91142e-05
5.60284e-05
5.60284e-05
3.00407e-05
1.40667e-05
1.71661e-05
7.29561e-05
5.29289e-05
3.00407e-05
5.29289e-05
5.81741e-05
3.00407e-05
3.91006e-05
5.38826e-05
5.81741e-05
5.4121e-05
6.19888e-05
6.69956e-05
7.48634e-05
8.60691e-05
3.71933e-05
8.79765e-05
8.67844e-05
6.19888e-05
7.20024e-05
0.00010705
6.79493e-05
8.2016e-05
8.51154e-05
0.000106096
0.000111103
5.48363e-05
3.69549e-05
4.1008e-05
5.29289e-05
6.19888e-05
2.69413e-05
4.60148e-05
5.79357e-05
7.29561e-05
5.6982e-05
4.81606e-05
8.60691e-05
0.000128031
3.19481e-05
6.69956e-05
7.39098e-05
5.00679e-05
0.000102043
6.50883e-05
7.00951e-05
5.10216e-05
4.41074e-05
5.10216e-05
6.41346e-05
3.29018e-05
5.38826e-05
9.41753e-05
9.10759e-05
9.29832e-05
9.60827e-05
4.22001e-05
6.29425e-05
5.98431e-05
4.19617e-05
6.58035e-05
5.98431e-05
6.69956e-05
0.000100851
8.10623e-05
7.41482e-05
5.10216e-05
5.29289e-05
6.91414e-05
7.31945e-05
5.88894e-05
6.00815e-05
6.41346e-05
6.69956e-05
5.60284e-05
5.79357e-05
5.29289e-05
5.38826e-05
6.31809e-05
5.88894e-05
6.19888e-05
7.41482e-05
3.29018e-05
5.19753e-05
5.10216e-05
9.20296e-05
4.98295e-05
6.38962e-05
7.48634e-05
7.20024e-05
6.60419e-05
7.00951e-05
4.79221e-05
7.10487e-05
9.10759e-05
5.00679e-05
9.41753e-05
6.69956e-05
5.98431e-05
6.79493e-05
6.41346e-05
5.29289e-05
5.07832e-05
7.9155e-05
0.00011611
0.000118971
5.79357e-05
6.41346e-05
6.69956e-05
8.10623e-05
9.10759e-05
5.50747e-05
6.60419e-05
8.39233e-05
9.10759e-05
8.51154e-05
0.000112057
6.31809e-05
9.70364e-05
8.98838e-05
9.5129e-05
0.000133038
6.29425e-05
6.07967e-05
8.2016e-05
5.6982e-05
8.70228e-05
8.41618e-05
1.50204e-05
0.000145912
1.69277e-05
7.98702e-05
8.98838e-05
8.98838e-05
0.000125885
0.000102043
0.000119925
0.000155926
6.69956e-05
2.69413e-05
7.60555e-05
8.60691e-05
8.2016e-05
0.000103951
9.29832e-05
0.00012517
6.79493e-05
6.00815e-05
6.00815e-05
8.2016e-05
0.000127077
2.40803e-05
5.60284e-05
8.29697e-05
5.98431e-05
8.29697e-05
8.41618e-05
5.31673e-05
5.79357e-05
7.00951e-05
7.29561e-05
8.10623e-05
5.00679e-05
5.29289e-05
5.31673e-05
5.50747e-05
5.31673e-05
6.10352e-05
5.48363e-05
7.08103e-05
1.81198e-05
7.60555e-05
7.98702e-05
7.79629e-05
3.88622e-05
0.000108957
6.29425e-05
0.000128984
6.19888e-05
6.10352e-05
5.31673e-05
3.71933e-05
0.000113964
0.000108957
0.000139952
0.000139952
5.31673e-05
5.48363e-05
4.69685e-05
8.01086e-05
8.41618e-05
5.00679e-05
8.98838e-05
8.51154e-05
5.50747e-05
3.98159e-05
9.10759e-05
5.48363e-05
5.50747e-05
3.98159e-05
7.98702e-05
7.79629e-05
3.88622e-05
9.41753e-05
6.69956e-05
5.29289e-05
4.00543e-05
5.6982e-05
2.28882e-05
6.8903e-05
6.31809e-05
6.50883e-05
7.60555e-05
0.000100851
0.000117064
3.38554e-05
0.000147104
0.000187874
3.79086e-05
9.89437e-05
0.000118017
8.41618e-05
6.69956e-05
9.799e-05
0.00011301
0.000123978
5.00679e-05
6.19888e-05
1.50204e-05
6.8903e-05
6.8903e-05
4.00543e-05
7.39098e-05
7.58171e-05
5.31673e-05
6.41346e-05
7.70092e-05
5.48363e-05
6.41346e-05
5.98431e-05
4.1008e-05
4.60148e-05
5.38826e-05
5.31673e-05
2.28882e-05
3.69549e-05
5.88894e-05
5.10216e-05
8.2016e-05
0.000126123
4.00543e-05
5.79357e-05
6.91414e-05
7.89165e-05
3.91006e-05
6.29425e-05
0.000128984
0.000138998
5.19753e-05
1.50204e-05
4.81606e-05
8.79765e-05
6.19888e-05
9.5129e-05
6.31809e-05
6.91414e-05
3.8147e-05
0.000145912
6.31809e-05
0.000117064
0.000173092
5.79357e-05
6.48499e-05
7.58171e-05
4.91142e-05
6.79493e-05
0.000100851
5.81741e-05
4.50611e-05
5.29289e-05
3.29018e-05
4.79221e-05
3.91006e-05
7.10487e-05
3.60012e-05
2.59876e-05
5.29289e-05
4.29153e-05
5.31673e-05
8.4877e-05
4.60148e-05
8.58307e-05
0.000102997
7.9155e-05
0.000126839
0.000138044
0.000149965
0.000121117
4.41074e-05
4.29153e-05
2.69413e-05
8.98838e-05
7.70092e-05
6.29425e-05
4.1008e-05
7.70092e-05
1.78814e-05
5.00679e-05
6.00815e-05
8.2016e-05
3.71933e-05
6.60419e-05
6.69956e-05
8.29697e-05
1.90735e-05
7.51019e-05
3.48091e-05
5.60284e-05
5.29289e-05
4.19617e-05
6.79493e-05
0.00011301
6.29425e-05
3.29018e-05
4.88758e-05
6.41346e-05
5.29289e-05
3.09944e-05
4.19617e-05
6.10352e-05
4.19617e-05
6.19888e-05
0.000118017
0.000138998
0.000138998
0.000154972
0.000101805
6.79493e-05
5.10216e-05
4.98295e-05
4.19617e-05
4.1008e-05
7.00951e-05
5.48363e-05
0.000136137
0.000108957
4.00543e-05
4.72069e-05
3.88622e-05
6.81877e-05
7.9155e-05
4.3869e-05
4.60148e-05
7.89165e-05
3.50475e-05
3.91006e-05
5.88894e-05
6.91414e-05
4.50611e-05
6.8903e-05
9.20296e-05
0.000108004
4.41074e-05
5.50747e-05
3.40939e-05
4.19617e-05
4.69685e-05
1.90735e-05
4.22001e-05
5.88894e-05
4.00543e-05
7.10487e-05
6.91414e-05
8.51154e-05
0.000118971
0.000149965
0.000128984
0.000138044
3.38554e-05
7.41482e-05
6.29425e-05
3.50475e-05
0.000105858
0.000113964
8.79765e-05
0.000118017
5.31673e-05
6.19888e-05
6.81877e-05
3.79086e-05
5.81741e-05
5.79357e-05
4.50611e-05
5.4121e-05
3.69549e-05
4.91142e-05
4.31538e-05
5.48363e-05
4.91142e-05
1.50204e-05
2.69413e-05
8.4877e-05
2.5034e-05
2.90871e-05
5.50747e-05
2.81334e-05
2.98023e-05
3.91006e-05
7.29561e-05
9.799e-05
4.19617e-05
7.98702e-05
8.4877e-05
9.48906e-05
0.000108957
6.29425e-05
0.000127792
5.4121e-05
3.50475e-05
5.60284e-05
4.3869e-05
6.69956e-05
0.000119925
9.5129e-05
0.000118017
0.000132084
3.38554e-05
6.29425e-05
3.19481e-05
6.29425e-05
8.41618e-05
3.09944e-05
4.19617e-05
9.01222e-05
6.00815e-05
7.58171e-05
7.60555e-05
3.00407e-05
6.38962e-05
3.79086e-05
5.60284e-05
5.38826e-05
4.79221e-05
3.88622e-05
7.60555e-05
3.60012e-05
5.50747e-05
4.69685e-05
6.19888e-05
7.20024e-05
2.98023e-05
3.50475e-05
3.79086e-05
8.79765e-05
5.50747e-05
0.00010705
0.000102997
5.10216e-05
4.00543e-05
3.19481e-05
6.19888e-05
7.51019e-05
0.000103951
7.70092e-05
6.29425e-05
9.60827e-05
0.000144005
5.29289e-05
6.50883e-05
7.70092e-05
5.50747e-05
1.97887e-05
2.88486e-05
6.38962e-05
3.00407e-05
6.79493e-05
5.60284e-05
3.29018e-05
3.60012e-05
7.48634e-05
4.19617e-05
5.29289e-05
4.50611e-05
3.69549e-05
9.799e-05
4.50611e-05
8.10623e-05
5.31673e-05
7.20024e-05
0.000138998
1.50204e-05
5.60284e-05
9.799e-05
0.000106096
0.000104904
0.000127077
4.81606e-05
0.000128031
1.71661e-05
1.40667e-05
6.58035e-05
1.5974e-05
9.01222e-05
4.91142e-05
8.70228e-05
0.000109911
6.19888e-05
8.79765e-05
0.000101089
3.29018e-05
8.89301e-05
6.79493e-05
6.58035e-05
6.48499e-05
6.79493e-05
6.31809e-05
5.29289e-05
3.50475e-05
5.60284e-05
4.00543e-05
5.4121e-05
9.20296e-05
5.6982e-05
7.41482e-05
7.10487e-05
4.19617e-05
5.98431e-05
6.69956e-05
7.58171e-05
9.89437e-05
2.5034e-05
8.39233e-05
9.08375e-05
9.10759e-05
0.000100136
6.19888e-05
0.000192881
0.000198126
2.5034e-05
1.50204e-05
4.1008e-05
7.29561e-05
5.31673e-05
8.10623e-05
7.39098e-05
5.50747e-05
0.000124931
7.41482e-05
6.29425e-05
7.00951e-05
0.000137091
4.29153e-05
6.41346e-05
7.00951e-05
6.41346e-05
5.91278e-05
4.79221e-05
3.50475e-05
8.01086e-05
3.98159e-05
6.22272e-05
7.08103e-05
6.38962e-05
7.20024e-05
5.10216e-05
7.70092e-05
2.7895e-05
5.6982e-05
4.81606e-05
6.10352e-05
4.22001e-05
4.3869e-05
9.41753e-05
2.5034e-05
0.000118971
0.000130892
0.000138044
0.000109911
4.50611e-05
6.19888e-05
4.69685e-05
8.98838e-05
6.79493e-05
0.000119925
0.000106812
0.000128031
5.19753e-05
2.19345e-05
1.50204e-05
5.29289e-05
0.000108957
6.10352e-05
4.00543e-05
8.79765e-05
5.57899e-05
7.20024e-05
4.00543e-05
5.4121e-05
4.69685e-05
3.79086e-05
8.51154e-05
7.10487e-05
9.58443e-05
4.79221e-05
6.41346e-05
5.38826e-05
6.29425e-05
3.50475e-05
5.79357e-05
8.41618e-05
3.79086e-05
5.31673e-05
7.00951e-05
7.70092e-05
0.000110865
5.98431e-05
0.000158072
9.799e-05
4.19617e-05
6.69956e-05
2.40803e-05
3.29018e-05
0.000100136
8.2016e-05
0.000104904
0.000116825
5.38826e-05
6.10352e-05
3.79086e-05
8.2016e-05
8.4877e-05
4.50611e-05
6.60419e-05
8.60691e-05
5.31673e-05
4.22001e-05
7.51019e-05
5.88894e-05
5.29289e-05
5.19753e-05
4.50611e-05
8.51154e-05
3.69549e-05
5.79357e-05
6.8903e-05
6.19888e-05
4.88758e-05
3.29018e-05
3.40939e-05
7.70092e-05
1.69277e-05
6.19888e-05
8.39233e-05
9.70364e-05
0.000109196
5.60284e-05
0.000176907
9.29832e-05
5.79357e-05
3.69549e-05
7.20024e-05
4.48227e-05
5.4121e-05
6.8903e-05
7.29561e-05
8.08239e-05
3.48091e-05
8.60691e-05
5.00679e-05
6.79493e-05
8.29697e-05
4.69685e-05
3.00407e-05
6.19888e-05
5.29289e-05
4.22001e-05
3.69549e-05
3.60012e-05
5.6982e-05
6.10352e-05
4.19617e-05
5.57899e-05
4.19617e-05
5.29289e-05
3.29018e-05
3.79086e-05
5.60284e-05
1.78814e-05
5.31673e-05
6.38962e-05
5.00679e-05
5.29289e-05
5.10216e-05
7.00951e-05
7.10487e-05
3.38554e-05
5.38826e-05
0.000138998
4.50611e-05
4.19617e-05
7.39098e-05
3.09944e-05
9.91821e-05
7.20024e-05
0.000134945
0.000135183
4.3869e-05
6.29425e-05
1.40667e-05
8.01086e-05
8.70228e-05
3.69549e-05
5.19753e-05
8.60691e-05
4.91142e-05
2.00272e-05
8.98838e-05
3.60012e-05
5.6982e-05
4.19617e-05
2.90871e-05
7.89165e-05
3.69549e-05
5.79357e-05
7.00951e-05
2.7895e-05
5.91278e-05
4.60148e-05
8.39233e-05
5.4121e-05
3.19481e-05
3.8147e-05
4.69685e-05
3.50475e-05
7.41482e-05
0.000124931
0.00013113
6.69956e-05
6.29425e-05
7.89165e-05
6.19888e-05
4.81606e-05
6.41346e-05
9.98974e-05
7.39098e-05
9.58443e-05
6.69956e-05
8.01086e-05
7.51019e-05
2.59876e-05
7.70092e-05
4.72069e-05
4.00543e-05
7.20024e-05
8.01086e-05
5.10216e-05
7.29561e-05
3.91006e-05
6.29425e-05
1.50204e-05
2.69413e-05
6.38962e-05
4.81606e-05
5.60284e-05
5.88894e-05
7.00951e-05
8.70228e-05
1.5974e-05
3.38554e-05
8.08239e-05
1.69277e-05
7.00951e-05
8.60691e-05
9.29832e-05
6.10352e-05
6.38962e-05
0.000129938
0.000148058
5.38826e-05
0.000141859
7.70092e-05
6.29425e-05
3.38554e-05
0.000126839
0.000103951
0.000144958
5.88894e-05
6.69956e-05
2.98023e-05
9.10759e-05
9.58443e-05
4.41074e-05
8.2016e-05
7.98702e-05
6.91414e-05
5.6982e-05
6.00815e-05
4.88758e-05
3.09944e-05
3.09944e-05
6.19888e-05
0.000123978
4.91142e-05
5.29289e-05
5.38826e-05
5.19753e-05
5.91278e-05
5.48363e-05
4.1008e-05
4.50611e-05
1.97887e-05
2.69413e-05
4.41074e-05
5.88894e-05
4.00543e-05
6.00815e-05
0.000131845
0.000139952
8.2016e-05
8.70228e-05
6.00815e-05
6.91414e-05
9.10759e-05
0.000102043
0.000104189
0.00011301
8.29697e-05
8.91685e-05
6.8903e-05
7.79629e-05
8.32081e-05
6.10352e-05
8.60691e-05
0.000102997
6.00815e-05
7.9155e-05
7.79629e-05
5.38826e-05
7.39098e-05
6.10352e-05
7.58171e-05
7.89165e-05
5.19753e-05
4.1008e-05
5.81741e-05
5.29289e-05
4.1008e-05
5.38826e-05
6.29425e-05
7.08103e-05
1.71661e-05
5.98431e-05
7.48634e-05
8.2016e-05
9.70364e-05
3.38554e-05
0.000133038
0.000130892
6.00815e-05
3.91006e-05
7.51019e-05
2.81334e-05
6.00815e-05
4.31538e-05
5.10216e-05
8.41618e-05
5.6982e-05
5.4121e-05
6.8903e-05
0.000104904
0.000103951
4.50611e-05
7.60555e-05
7.9155e-05
5.48363e-05
6.19888e-05
7.60555e-05
5.29289e-05
4.3869e-05
3.69549e-05
8.89301e-05
0.000120878
6.98566e-05
5.4121e-05
5.79357e-05
4.91142e-05
2.59876e-05
4.69685e-05
6.69956e-05
7.20024e-05
6.48499e-05
7.20024e-05
7.51019e-05
8.89301e-05
6.69956e-05
9.60827e-05
0.000141144
8.10623e-05
0.000103951
9.48906e-05
0.000102043
6.00815e-05
7.70092e-05
7.70092e-05
0.000169992
9.70364e-05
5.38826e-05
6.69956e-05
1.50204e-05
4.69685e-05
8.70228e-05
6.79493e-05
8.08239e-05
7.79629e-05
5.38826e-05
6.60419e-05
8.2016e-05
8.08239e-05
9.10759e-05
1.88351e-05
6.19888e-05
8.29697e-05
5.00679e-05
5.88894e-05
7.10487e-05
7.10487e-05
5.50747e-05
2.90871e-05
7.70092e-05
0.000102997
1.50204e-05
7.51019e-05
7.60555e-05
9.799e-05
0.000124931
0.000106096
0.000157833
9.89437e-05
4.1008e-05
5.6982e-05
5.50747e-05
0.000109911
8.39233e-05
5.22137e-05
0.000144958
0.000145197
8.01086e-05
6.50883e-05
5.88894e-05
7.60555e-05
9.39369e-05
4.41074e-05
8.51154e-05
8.39233e-05
5.50747e-05
8.70228e-05
0.000124931
5.6982e-05
4.69685e-05
6.29425e-05
9.5129e-05
0.000106096
5.10216e-05
5.50747e-05
6.10352e-05
7.08103e-05
6.8903e-05
3.19481e-05
7.70092e-05
8.98838e-05
6.38962e-05
8.82149e-05
8.60691e-05
0.000123024
0.00012517
0.000133991
0.000142097
9.01222e-05
4.3869e-05
2.98023e-05
6.29425e-05
8.39233e-05
7.20024e-05
8.98838e-05
0.000147104
9.70364e-05
3.91006e-05
5.60284e-05
1.5974e-05
8.32081e-05
8.10623e-05
3.09944e-05
7.79629e-05
9.60827e-05
5.50747e-05
6.79493e-05
7.70092e-05
5.6982e-05
5.31673e-05
4.81606e-05
6.41346e-05
7.41482e-05
7.20024e-05
6.10352e-05
5.60284e-05
4.91142e-05
2.69413e-05
1.88351e-05
7.20024e-05
0.000102997
2.19345e-05
4.50611e-05
7.82013e-05
7.58171e-05
0.000102043
0.00011301
0.000215054
0.000138044
6.10352e-05
6.79493e-05
2.5034e-05
6.31809e-05
9.60827e-05
0.000128031
0.000130892
0.000126123
5.98431e-05
0.00011611
1.5974e-05
6.29425e-05
9.70364e-05
4.41074e-05
6.19888e-05
8.2016e-05
9.29832e-05
2.81334e-05
5.88894e-05
6.50883e-05
9.20296e-05
4.1008e-05
6.79493e-05
7.41482e-05
5.81741e-05
1.19209e-05
7.70092e-05
6.91414e-05
3.09944e-05
3.31402e-05
6.69956e-05
8.39233e-05
2.40803e-05
7.39098e-05
9.89437e-05
5.4121e-05
0.000121117
0.000120163
0.000126123
0.000128984
2.69413e-05
6.41346e-05
7.20024e-05
5.88894e-05
8.79765e-05
0.00011301
9.70364e-05
0.000100136
4.41074e-05
4.60148e-05
1.3113e-05
6.00815e-05
6.79493e-05
5.60284e-05
5.79357e-05
6.41346e-05
4.50611e-05
3.8147e-05
5.38826e-05
7.29561e-05
4.29153e-05
3.98159e-05
5.29289e-05
6.19888e-05
5.60284e-05
4.19617e-05
6.60419e-05
5.48363e-05
3.60012e-05
7.60555e-05
7.51019e-05
0.000101805
4.22001e-05
5.19753e-05
7.48634e-05
9.799e-05
8.10623e-05
5.07832e-05
0.000167847
0.000115871
6.60419e-05
4.19617e-05
0.000133991
0.000118971
8.98838e-05
0.000110149
0.000128984
0.000125885
4.98295e-05
6.50883e-05
1.40667e-05
4.1008e-05
6.98566e-05
5.22137e-05
5.6982e-05
8.39233e-05
4.1008e-05
5.60284e-05
7.29561e-05
4.00543e-05
6.58035e-05
7.70092e-05
6.60419e-05
7.39098e-05
4.60148e-05
5.81741e-05
4.00543e-05
5.81741e-05
7.60555e-05
4.1008e-05
5.00679e-05
7.00951e-05
3.38554e-05
6.50883e-05
6.50883e-05
7.70092e-05
9.70364e-05
9.60827e-05
0.000221014
0.000108004
2.09808e-05
5.00679e-05
1.69277e-05
5.4121e-05
6.10352e-05
0.000104904
9.89437e-05
0.000116825
5.48363e-05
4.19617e-05
8.10623e-05
6.19888e-05
0.000128984
3.00407e-05
4.91142e-05
8.82149e-05
5.29289e-05
4.72069e-05
7.89165e-05
5.38826e-05
2.09808e-05
3.31402e-05
4.19617e-05
7.20024e-05
4.1008e-05
7.60555e-05
5.29289e-05
7.00951e-05
6.29425e-05
7.20024e-05
7.98702e-05
8.79765e-05
5.60284e-05
7.20024e-05
0.00010705
0.000110865
0.000113964
6.10352e-05
0.000148058
8.58307e-05
2.19345e-05
6.69956e-05
4.00543e-05
7.31945e-05
5.88894e-05
7.48634e-05
0.000128984
0.000150919
5.88894e-05
8.70228e-05
9.29832e-05
0.000114918
6.91414e-05
1.40667e-05
6.38962e-05
6.50883e-05
5.29289e-05
7.29561e-05
4.00543e-05
5.81741e-05
6.19888e-05
9.70364e-05
5.10216e-05
7.98702e-05
7.70092e-05
4.69685e-05
3.40939e-05
5.98431e-05
7.60555e-05
4.79221e-05
6.41346e-05
6.29425e-05
1.90735e-05
6.41346e-05
8.60691e-05
0.000104904
0.000114918
0.000120878
0.000133991
8.4877e-05
4.31538e-05
9.67979e-05
3.88622e-05
6.10352e-05
8.60691e-05
6.50883e-05
0.000154018
0.000164986
0.000430107
0.000314951
8.82149e-05
5.79357e-05
0.000244141
0.000334978
0.000262022
0.000330925
3.69549e-05
6.29425e-05
0.000132084
0.000123978
0.000117779
0.00011301
0.000200033
0.000154972
6.98566e-05
5.6982e-05
7.70092e-05
5.4121e-05
3.69549e-05
6.41346e-05
0.00010705
0.000127077
9.60827e-05
0.000126839
5.72205e-05
0.000154018
0.000124931
0.000138998
7.70092e-05
6.98566e-05
6.50883e-05
0.000118017
5.19753e-05
7.10487e-05
0.000124931
9.20296e-05
6.50883e-05
9.799e-05
5.79357e-05
5.60284e-05
3.40939e-05
4.50611e-05
0.000176191
4.69685e-05
7.51019e-05
0.000125885
5.6982e-05
2.40803e-05
5.91278e-05
5.48363e-05
4.29153e-05
5.31673e-05
6.19888e-05
0.000111818
3.50475e-05
5.10216e-05
5.19753e-05
6.00815e-05
5.38826e-05
4.19617e-05
4.00543e-05
6.8903e-05
1.90735e-05
2.59876e-05
3.50475e-05
7.48634e-05
3.88622e-05
6.07967e-05
5.88894e-05
0.000104904
5.6982e-05
6.91414e-05
5.10216e-05
7.51019e-05
9.70364e-05
0.000121117
0.000182152
0.000181198
5.19753e-05
4.00543e-05
6.50883e-05
8.70228e-05
0.000105858
4.3869e-05
6.10352e-05
9.20296e-05
5.29289e-05
5.6982e-05
2.38419e-05
5.91278e-05
3.19481e-05
2.00272e-05
6.38962e-05
6.10352e-05
5.6982e-05
4.69685e-05
5.79357e-05
6.00815e-05
2.40803e-05
4.60148e-05
5.48363e-05
6.60419e-05
3.38554e-05
5.00679e-05
5.88894e-05
3.29018e-05
8.2016e-05
0.000138044
9.5129e-05
6.91414e-05
4.31538e-05
7.10487e-05
0.000105858
0.000102997
0.000136137
0.000184059
0.000134945
0.000149012
4.50611e-05
7.89165e-05
6.50883e-05
7.70092e-05
0.000101805
3.88622e-05
6.50883e-05
6.50883e-05
4.81606e-05
8.39233e-05
5.29289e-05
5.6982e-05
6.31809e-05
5.19753e-05
5.00679e-05
5.6982e-05
5.10216e-05
5.60284e-05
2.90871e-05
5.79357e-05
3.09944e-05
5.4121e-05
8.01086e-05
9.5129e-05
3.60012e-05
0.000130892
9.70364e-05
0.000114202
0.00011301
0.000114918
0.000142813
0.000175953
2.5034e-05
3.60012e-05
8.29697e-05
5.81741e-05
8.89301e-05
9.39369e-05
0.000133991
9.39369e-05
9.70364e-05
4.69685e-05
3.09944e-05
6.00815e-05
6.48499e-05
1.40667e-05
6.60419e-05
9.20296e-05
4.60148e-05
4.29153e-05
5.38826e-05
5.38826e-05
4.72069e-05
3.31402e-05
3.50475e-05
7.51019e-05
3.50475e-05
6.10352e-05
4.19617e-05
6.10352e-05
7.48634e-05
4.48227e-05
5.19753e-05
8.10623e-05
8.41618e-05
0.000131845
6.48499e-05
6.79493e-05
7.48634e-05
4.00543e-05
0.000104189
6.19888e-05
1.28746e-05
4.19617e-05
5.19753e-05
8.89301e-05
2.40803e-05
6.07967e-05
5.48363e-05
6.41346e-05
0.000123024
3.69549e-05
5.10216e-05
8.60691e-05
3.88622e-05
5.6982e-05
4.69685e-05
5.98431e-05
5.38826e-05
6.50883e-05
6.60419e-05
3.60012e-05
4.19617e-05
3.79086e-05
5.6982e-05
8.39233e-05
6.50883e-05
3.79086e-05
5.31673e-05
3.60012e-05
4.00543e-05
5.10216e-05
9.29832e-05
9.89437e-05
4.19617e-05
5.29289e-05
6.31809e-05
8.70228e-05
1.5974e-05
0.000134945
0.00013113
0.000137806
4.29153e-05
5.00679e-05
6.69956e-05
3.60012e-05
5.19753e-05
6.8903e-05
0.00011611
0.000137806
4.31538e-05
3.79086e-05
3.60012e-05
4.88758e-05
3.40939e-05
1.50204e-05
5.60284e-05
6.00815e-05
3.79086e-05
3.79086e-05
6.19888e-05
5.10216e-05
3.98159e-05
2.7895e-05
4.1008e-05
4.50611e-05
5.19753e-05
2.88486e-05
5.6982e-05
3.00407e-05
4.50611e-05
6.10352e-05
5.6982e-05
6.98566e-05
6.58035e-05
8.89301e-05
0.000102997
0.000118971
0.000112057
3.91006e-05
5.10216e-05
6.07967e-05
2.90871e-05
4.50611e-05
4.19617e-05
3.48091e-05
8.51154e-05
7.70092e-05
7.39098e-05
0.000123024
0.000106096
6.69956e-05
3.79086e-05
5.79357e-05
0.000124931
3.29018e-05
7.60555e-05
8.01086e-05
4.79221e-05
3.79086e-05
6.79493e-05
5.50747e-05
4.81606e-05
1.78814e-05
0.000104904
6.69956e-05
7.20024e-05
3.29018e-05
5.31673e-05
7.10487e-05
9.48906e-05
5.22137e-05
5.79357e-05
9.20296e-05
1.5974e-05
0.000103951
0.000114918
0.000111103
0.000128984
0.000140905
4.31538e-05
0.000147104
6.29425e-05
4.19617e-05
0.000118017
9.29832e-05
0.000133038
9.48906e-05
0.000123978
0.000143051
6.60419e-05
8.2016e-05
1.09673e-05
3.69549e-05
6.10352e-05
3.40939e-05
4.19617e-05
5.50747e-05
6.10352e-05
4.69685e-05
4.60148e-05
5.29289e-05
3.09944e-05
2.09808e-05
5.00679e-05
7.10487e-05
3.50475e-05
3.79086e-05
5.60284e-05
3.31402e-05
5.98431e-05
7.00951e-05
4.79221e-05
9.41753e-05
4.60148e-05
5.50747e-05
5.88894e-05
5.6982e-05
0.00011301
0.00012517
8.29697e-05
9.5129e-05
7.98702e-05
5.38826e-05
8.10623e-05
0.000162125
0.000137806
0.000134945
0.000174046
0.000185966
6.19888e-05
5.60284e-05
5.91278e-05
7.79629e-05
0.000105858
1.40667e-05
5.4121e-05
5.81741e-05
5.29289e-05
8.41618e-05
5.81741e-05
4.00543e-05
6.50883e-05
3.50475e-05
5.38826e-05
7.29561e-05
5.91278e-05
6.69956e-05
9.29832e-05
6.69956e-05
4.91142e-05
5.00679e-05
6.69956e-05
0.00010705
1.5974e-05
1.71661e-05
7.39098e-05
6.8903e-05
0.00012517
0.00011611
6.79493e-05
0.000124931
4.72069e-05
6.60419e-05
3.00407e-05
5.60284e-05
8.01086e-05
7.79629e-05
0.000160217
0.000167131
0.000123024
6.29425e-05
1.40667e-05
7.70092e-05
8.4877e-05
3.69549e-05
6.69956e-05
9.39369e-05
5.6982e-05
1.28746e-05
0.000134945
5.19753e-05
2.40803e-05
1.50204e-05
5.48363e-05
6.19888e-05
6.60419e-05
0.000104904
5.79357e-05
5.00679e-05
5.79357e-05
1.50204e-05
5.10216e-05
8.10623e-05
6.69956e-05
4.29153e-05
6.79493e-05
5.50747e-05
9.01222e-05
7.20024e-05
0.000163078
9.89437e-05
4.50611e-05
7.39098e-05
4.98295e-05
8.91685e-05
6.19888e-05
8.2016e-05
8.70228e-05
9.17912e-05
5.72205e-05
2.5034e-05
1.40667e-05
2.19345e-05
0.000105143
4.22001e-05
5.29289e-05
6.69956e-05
4.88758e-05
7.79629e-05
8.91685e-05
2.59876e-05
5.60284e-05
3.00407e-05
5.98431e-05
5.91278e-05
5.19753e-05
6.31809e-05
5.79357e-05
5.50747e-05
2.28882e-05
4.69685e-05
3.38554e-05
6.60419e-05
5.29289e-05
5.50747e-05
7.51019e-05
8.08239e-05
0.000101089
0.000109911
6.10352e-05
0.000149012
2.59876e-05
7.08103e-05
4.29153e-05
0.000109911
8.01086e-05
7.39098e-05
9.70364e-05
8.70228e-05
2.90871e-05
4.69685e-05
3.69549e-05
1.28746e-05
3.8147e-05
3.60012e-05
5.10216e-05
8.10623e-05
5.07832e-05
3.00407e-05
5.81741e-05
5.79357e-05
4.60148e-05
1.62125e-05
7.29561e-05
0.000118017
3.40939e-05
7.39098e-05
5.10216e-05
2.88486e-05
6.19888e-05
5.60284e-05
3.91006e-05
6.69956e-05
1.40667e-05
6.31809e-05
3.91006e-05
0.000101089
5.98431e-05
0.000118017
0.000134945
0.000112057
4.79221e-05
4.3869e-05
7.9155e-05
4.29153e-05
7.08103e-05
0.00011301
0.000140905
0.000138044
3.91006e-05
1.90735e-05
5.10216e-05
5.19753e-05
5.29289e-05
3.50475e-05
3.29018e-05
7.20024e-05
3.09944e-05
8.01086e-05
5.29289e-05
4.60148e-05
5.00679e-05
7.41482e-05
2.7895e-05
4.60148e-05
5.4121e-05
5.81741e-05
4.00543e-05
4.41074e-05
4.3869e-05
3.19481e-05
4.00543e-05
7.20024e-05
3.98159e-05
7.70092e-05
3.91006e-05
0.000104904
0.000108957
3.38554e-05
0.000142813
0.000158072
4.48227e-05
4.1008e-05
2.88486e-05
0.000132084
9.70364e-05
0.000108957
0.00013113
0.000103951
5.91278e-05
6.41346e-05
6.50883e-05
5.19753e-05
2.98023e-05
4.88758e-05
6.00815e-05
6.8903e-05
4.88758e-05
3.8147e-05
3.09944e-05
7.31945e-05
5.57899e-05
7.89165e-05
5.10216e-05
5.10216e-05
0.000114202
7.70092e-05
0.00010705
0.000109911
5.4121e-05
2.28882e-05
6.8903e-05
8.98838e-05
6.8903e-05
5.50747e-05
6.38962e-05
8.29697e-05
7.70092e-05
5.60284e-05
0.000117064
0.000174046
5.10216e-05
4.1008e-05
8.2016e-05
6.91414e-05
5.6982e-05
0.000101089
0.000121117
9.01222e-05
4.19617e-05
5.79357e-05
4.3869e-05
6.69956e-05
7.41482e-05
7.29561e-05
7.39098e-05
7.70092e-05
5.00679e-05
4.1008e-05
5.4121e-05
2.69413e-05
4.50611e-05
5.50747e-05
3.91006e-05
5.79357e-05
4.19617e-05
5.88894e-05
3.40939e-05
5.19753e-05
5.19753e-05
3.91006e-05
4.60148e-05
6.50883e-05
3.88622e-05
5.29289e-05
8.89301e-05
9.29832e-05
5.6982e-05
9.799e-05
6.19888e-05
0.000102043
5.81741e-05
7.9155e-05
5.88894e-05
5.4121e-05
9.10759e-05
8.41618e-05
7.20024e-05
0.000119925
5.29289e-05
0.000104904
8.70228e-05
3.09944e-05
5.31673e-05
4.1008e-05
4.29153e-05
8.89301e-05
6.19888e-05
6.29425e-05
0.000112057
5.50747e-05
3.40939e-05
4.91142e-05
6.48499e-05
0.00011301
3.69549e-05
3.69549e-05
5.91278e-05
5.79357e-05
5.50747e-05
3.00407e-05
4.48227e-05
4.31538e-05
6.69956e-05
8.51154e-05
9.08375e-05
2.98023e-05
4.98295e-05
0.000113964
0.000136852
0.000157118
3.79086e-05
5.22137e-05
3.98159e-05
3.8147e-05
3.69549e-05
4.00543e-05
5.79357e-05
0.00011301
6.58035e-05
4.60148e-05
4.31538e-05
5.29289e-05
0.000110865
7.48634e-05
7.51019e-05
7.10487e-05
4.88758e-05
5.6982e-05
9.20296e-05
6.81877e-05
6.98566e-05
5.6982e-05
9.10759e-05
9.799e-05
7.51019e-05
3.48091e-05
6.50883e-05
8.29697e-05
5.57899e-05
3.79086e-05
8.79765e-05
0.000109911
5.10216e-05
9.10759e-05
5.29289e-05
9.41753e-05
0.000128984
0.000144005
8.39233e-05
0.00020504
6.19888e-05
7.39098e-05
8.79765e-05
6.00815e-05
7.70092e-05
6.48499e-05
7.9155e-05
8.08239e-05
5.79357e-05
4.88758e-05
1.50204e-05
6.19888e-05
0.000149012
5.19753e-05
7.39098e-05
8.29697e-05
5.88894e-05
7.10487e-05
3.91006e-05
3.8147e-05
5.50747e-05
5.10216e-05
6.07967e-05
7.70092e-05
5.60284e-05
6.60419e-05
4.1008e-05
5.00679e-05
5.38826e-05
7.20024e-05
8.2016e-05
7.79629e-05
6.50883e-05
7.58171e-05
8.70228e-05
3.91006e-05
6.48499e-05
0.000138998
0.000170946
0.000178814
7.41482e-05
1.50204e-05
3.48091e-05
7.48634e-05
6.8903e-05
5.29289e-05
6.41346e-05
0.000125885
8.70228e-05
6.69956e-05
8.89301e-05
8.51154e-05
5.31673e-05
4.1008e-05
5.91278e-05
7.39098e-05
6.60419e-05
7.08103e-05
6.29425e-05
6.10352e-05
5.6982e-05
5.88894e-05
5.10216e-05
7.20024e-05
4.69685e-05
5.6982e-05
5.79357e-05
5.79357e-05
5.79357e-05
5.31673e-05
2.59876e-05
6.19888e-05
2.19345e-05
7.41482e-05
3.40939e-05
0.000113964
0.000112057
0.000117779
0.000157833
0.000116825
5.79357e-05
6.98566e-05
8.2016e-05
6.69956e-05
0.000127077
7.89165e-05
0.000200987
0.000172853
5.10216e-05
0.000131845
1.4782e-05
4.88758e-05
9.10759e-05
8.2016e-05
6.91414e-05
1.81198e-05
4.1008e-05
1.62125e-05
8.51154e-05
5.00679e-05
6.00815e-05
5.50747e-05
3.31402e-05
4.79221e-05
1.71661e-05
4.88758e-05
8.29697e-05
5.91278e-05
0.000113964
6.19888e-05
3.31402e-05
6.79493e-05
4.00543e-05
5.10216e-05
6.41346e-05
7.00951e-05
5.88894e-05
6.91414e-05
5.88894e-05
0.000106812
2.5034e-05
3.98159e-05
5.50747e-05
5.00679e-05
9.10759e-05
9.70364e-05
7.70092e-05
8.79765e-05
5.10216e-05
5.00679e-05
5.48363e-05
0.000108004
0.000123978
3.31402e-05
6.10352e-05
8.39233e-05
5.81741e-05
6.10352e-05
8.60691e-05
5.38826e-05
2.90871e-05
3.40939e-05
5.38826e-05
0.000110865
6.50883e-05
5.50747e-05
6.10352e-05
5.19753e-05
3.91006e-05
6.00815e-05
7.31945e-05
7.70092e-05
1.90735e-05
4.00543e-05
0.00010705
0.00011301
0.000119925
7.39098e-05
0.000123024
0.000134945
1.69277e-05
7.00951e-05
3.40939e-05
4.3869e-05
5.79357e-05
5.10216e-05
0.000118017
6.19888e-05
5.91278e-05
4.60148e-05
2.90871e-05
5.57899e-05
5.79357e-05
3.40939e-05
6.50883e-05
8.89301e-05
3.50475e-05
7.00951e-05
9.08375e-05
7.29561e-05
4.48227e-05
6.8903e-05
8.2016e-05
0.000111103
3.09944e-05
3.40939e-05
5.19753e-05
4.00543e-05
5.79357e-05
4.1008e-05
8.01086e-05
7.89165e-05
6.19888e-05
6.69956e-05
5.29289e-05
6.58035e-05
9.20296e-05
4.81606e-05
9.70364e-05
0.000130177
2.59876e-05
6.00815e-05
3.91006e-05
9.10759e-05
9.89437e-05
0.000150919
0.000126123
0.000134945
5.72205e-05
4.22001e-05
9.58443e-05
2.09808e-05
6.38962e-05
6.10352e-05
4.1008e-05
6.98566e-05
2.90871e-05
5.60284e-05
3.69549e-05
6.79493e-05
6.41346e-05
4.00543e-05
5.79357e-05
6.8903e-05
6.29425e-05
3.40939e-05
5.57899e-05
5.00679e-05
4.22001e-05
2.90871e-05
2.59876e-05
0.000108004
3.88622e-05
4.69685e-05
5.10216e-05
6.19888e-05
9.70364e-05
8.98838e-05
0.000101089
6.60419e-05
