0.000175953
0.00022006
0.000194073
0.000207186
0.000125885
0.000185966
0.000113964
0.000157118
0.000112057
0.000154018
0.000118971
0.000154972
0.00012207
0.000134945
0.000110149
0.00013113
0.000106096
0.000108004
0.000128031
0.000118017
0.000114918
0.000112057
0.000115871
0.000120163
0.000106812
0.000135899
0.000120163
0.000137091
0.000123978
0.000169992
9.91821e-05
0.000103951
0.00010705
0.000141859
9.70364e-05
0.000100851
0.00240207
0.00242305
0.000115871
0.000123024
0.000109196
0.00010705
9.08375e-05
9.20296e-05
6.48499e-05
0.000112057
7.39098e-05
9.89437e-05
9.799e-05
0.00019002
0.00012207
0.000183821
0.000101089
0.000117779
0.000100851
0.000152111
8.89301e-05
9.20296e-05
7.20024e-05
7.98702e-05
0.000118971
0.000118971
0.000105858
0.000124931
8.91685e-05
8.79765e-05
9.799e-05
0.000121832
0.000108957
0.000113964
0.000114918
0.000115871
6.48499e-05
7.51019e-05
7.48634e-05
8.29697e-05
6.41346e-05
8.32081e-05
8.70228e-05
8.29697e-05
8.70228e-05
9.799e-05
0.000104904
0.000123024
6.69956e-05
0.000115156
6.38962e-05
8.29697e-05
8.10623e-05
0.000108004
8.70228e-05
0.000127077
6.8903e-05
0.00012517
8.70228e-05
9.98974e-05
6.60419e-05
8.98838e-05
0.000100851
0.000121832
0.000109911
0.000121117
0.000100851
0.000133991
9.799e-05
0.000102997
8.29697e-05
0.000118971
0.000123978
0.000144958
9.60827e-05
0.000125885
9.58443e-05
0.000133038
7.60555e-05
0.00011301
0.000133038
0.00013113
0.000103951
0.000188112
9.29832e-05
0.000102997
8.10623e-05
0.000108957
0.000104904
0.00012517
0.000119925
0.000118971
0.000114918
0.000252962
9.98974e-05
0.000127077
0.000101805
0.00011301
0.00010705
0.000104189
0.000100851
0.000132084
7.48634e-05
0.000112057
8.01086e-05
8.51154e-05
0.00011301
0.000133038
0.000104189
0.000115156
8.70228e-05
9.20296e-05
8.41618e-05
9.98974e-05
6.60419e-05
9.799e-05
8.70228e-05
0.000103951
9.20296e-05
0.000137806
8.98838e-05
0.000120163
6.79493e-05
0.00011301
9.39369e-05
0.000118017
8.08239e-05
8.98838e-05
9.01222e-05
9.10759e-05
0.000100136
0.000108004
9.5129e-05
0.000109911
7.10487e-05
9.91821e-05
0.000102997
0.000127077
0.00011611
0.000118971
0.000115156
0.00010705
7.10487e-05
8.10623e-05
0.000106096
0.000140905
9.29832e-05
0.000111103
9.20296e-05
0.000159025
9.20296e-05
0.00014782
0.000132084
0.000144005
0.000108957
0.000120878
0.000113964
0.000118017
0.000143051
0.000110865
0.00011301
0.000154972
0.000106096
0.000133038
0.000111103
0.000127077
0.000133991
0.000138044
9.67979e-05
0.000187874
0.000106096
0.000115871
0.000138044
0.000156879
7.79629e-05
0.000133038
7.51019e-05
0.000108004
9.67979e-05
0.000119925
0.000114202
0.000172853
9.01222e-05
8.60691e-05
0.00010705
0.000126123
0.000106096
0.00015378
0.000119925
0.000108004
0.000101089
0.000113964
0.000154018
0.000163078
8.51154e-05
0.000133038
6.60419e-05
8.10623e-05
7.20024e-05
0.000112057
7.29561e-05
0.000108957
9.89437e-05
0.000125885
9.20296e-05
0.000126839
0.000117064
0.000148058
0.000139952
0.000158787
0.000118017
0.000132084
9.98974e-05
0.000119925
9.799e-05
9.58443e-05
0.000145197
0.000147104
0.000118017
0.000144005
8.58307e-05
0.000105143
8.89301e-05
0.000124931
0.000117064
0.00011611
0.000115156
0.000141144
0.000113964
0.000134945
0.000115871
0.000131845
0.000117064
0.000138998
9.58443e-05
0.000113964
0.000108004
0.000113964
0.000112057
0.000140905
0.000123978
0.000153065
0.000100136
0.00010705
0.00010705
0.000119925
0.000113964
0.000113964
0.000141859
0.000148058
0.000122786
0.000136852
0.000113964
0.00012517
0.000107765
0.000120163
0.000109911
0.00011301
0.000133038
0.000142097
0.000106096
0.000112057
9.98974e-05
0.000102997
9.5129e-05
0.000124216
0.000128031
0.000130892
0.000137091
0.000132799
0.000141859
0.000155926
0.000108004
0.00012207
0.00012207
0.000138044
0.000113964
0.000117064
0.00011301
0.000138044
0.000112057
0.000127077
0.000112057
0.000140905
0.000109196
0.000123978
8.89301e-05
0.000127077
0.000106812
0.000124931
0.000143051
0.000144958
0.000105143
0.00018692
0.000118017
0.000137091
0.000112057
0.000130177
0.000130892
0.000112057
0.00011301
0.000150919
0.000148058
0.000180006
0.000105858
0.000108957
0.000151873
0.000148058
0.000119925
0.000113964
0.000118017
0.000132084
0.000114918
0.000153065
0.000117064
0.000141144
0.00012207
0.000124931
0.000123024
0.000123978
0.00012207
0.0001719
0.000101089
0.000100851
0.000112057
0.000176907
0.000103951
0.000109196
0.000119925
0.000144005
0.000101805
0.000113964
0.000102997
0.000118017
0.00010705
0.000117064
7.70092e-05
0.000105143
0.000117064
0.000121117
8.32081e-05
9.67979e-05
0.000144958
0.000185966
0.000149965
0.000164032
9.799e-05
0.000119925
0.000110865
0.000118017
0.000103951
0.000109911
0.000123024
0.000142097
0.000126123
0.000128984
0.000151873
0.000118971
0.00011301
0.000144005
0.00011301
0.000118971
0.000109196
0.000119209
0.000112057
0.000142097
0.000108004
0.000114918
0.000117064
0.000135183
0.000114918
0.000155926
0.000151157
0.000165224
0.000123978
0.000139952
0.00012207
0.000139952
0.000105143
0.00011301
0.00012207
0.000117064
0.00011301
0.000142097
0.00011301
0.000128984
0.00011301
0.000133991
0.000104904
0.000141144
0.000110865
0.000115871
0.000155926
0.000154018
0.000149965
0.000158787
0.000120163
0.000169039
0.000115871
0.000157833
0.000108957
0.000128984
0.000128031
0.000123978
0.000150919
0.00015521
0.00011301
0.00012207
0.000118971
9.10759e-05
0.000108004
0.000124931
0.000128031
0.000137091
0.000111103
0.000167847
0.000105143
0.000169039
9.20296e-05
9.91821e-05
0.000103951
0.000129938
0.000128031
0.000153065
0.000145912
0.000196934
0.000111103
0.000118017
9.01222e-05
0.000130892
0.000134945
0.000163078
0.000130892
0.000174999
0.000126839
0.000142097
0.000105143
0.000102997
0.000108957
8.2016e-05
9.41753e-05
0.000129938
0.000132084
0.000166178
9.41753e-05
8.79765e-05
0.00012517
0.000137091
0.000118017
0.000123978
0.00011301
0.000112057
0.000174999
0.000216007
0.000128031
0.000163078
0.000129938
0.000140905
0.000112057
0.000115871
0.000108957
0.000115871
0.000143051
0.000154972
0.000141144
0.000140905
0.000114918
0.000133038
0.000108957
0.000118971
0.000120163
0.000120163
0.000149965
0.000169992
0.00012207
0.000119209
0.000108957
0.000135183
0.000115156
0.000114202
0.000104904
0.000114918
0.000136137
0.000129938
0.000135899
0.000154972
0.000114918
0.000118971
0.00011301
0.000156879
0.000137091
0.000151873
0.000133991
0.000140905
0.000145912
0.000142097
0.000114202
0.000115871
0.000133991
0.000139952
0.000112057
0.000154972
0.000114918
0.000119925
0.000128031
0.000126123
9.98974e-05
0.000130177
0.00012207
0.000133038
0.00010705
0.000114918
0.000149012
0.000156879
0.000128984
0.000126123
0.00011611
0.000149965
0.000136852
0.000133038
9.67979e-05
0.000106812
0.000139952
0.000146151
0.000100851
0.000154972
0.000108957
0.000127077
0.00012207
0.000168085
0.000106812
0.000160933
0.000109196
0.000159979
9.29832e-05
0.000138044
0.000130177
0.000137091
0.000114918
0.000133991
9.89437e-05
0.00013113
0.000119209
0.000140905
0.000148058
0.000169039
0.000100136
0.000112057
0.000129938
0.000133991
0.000128031
0.000109911
8.89301e-05
0.000111818
0.000108957
0.000119925
8.91685e-05
9.20296e-05
0.00011301
0.000133038
0.000130892
0.000135899
0.000110149
0.000155926
0.000108004
0.000103951
0.00011611
0.000115156
0.000114918
0.000135899
0.00010705
0.00011301
0.000117064
0.000121117
0.000109911
0.000115156
9.29832e-05
0.000133991
9.20296e-05
0.000139952
0.000115156
0.000167131
0.00010705
0.00012207
0.000113964
0.000138998
0.000133991
0.000169992
0.000105858
0.000154972
0.000126123
0.000159979
0.000102997
0.000123978
0.000116825
0.000121117
9.10759e-05
0.000118017
0.000104904
0.000208855
0.000137091
0.000144958
0.000108957
0.000138998
0.000120878
0.000135183
0.000109196
0.000108957
0.000102043
0.000102997
9.91821e-05
0.000113964
0.000149012
0.000154018
9.89437e-05
0.000153065
0.000117779
0.000144005
0.000112057
0.000120878
0.000110149
0.000123978
0.000108004
0.000123978
0.000119925
0.00014782
9.08375e-05
0.000108004
0.00011301
0.000124931
9.799e-05
0.000128031
8.10623e-05
0.000106096
0.000112057
0.000159025
9.01222e-05
0.000102997
9.10759e-05
0.000111103
0.000115156
0.00011611
0.000105858
0.000139952
0.000120163
0.00018692
0.000118017
0.000118017
0.000106096
0.000108004
0.000127077
0.000143051
0.000114202
0.000119925
0.00011301
0.000112057
9.89437e-05
0.000135899
0.000123978
0.000140905
9.98974e-05
0.000138044
0.000114918
0.000112057
0.00011611
0.000159025
0.000106096
0.000113964
0.000126839
0.000162125
0.000118017
0.000119209
0.000124931
0.000157118
0.00012207
0.00013113
0.000124931
0.000164986
0.00011301
0.000133991
0.000138044
0.000165939
0.000118017
0.000140905
0.000112057
0.000115871
0.00011301
0.000136852
0.000113964
0.000110149
0.000149012
0.000170946
0.000126839
0.000130892
0.000135899
0.000150919
0.000115871
0.000116825
0.000112057
0.000138998
0.000132084
0.000193834
0.000140905
0.000161171
0.000138998
0.000159979
0.000127077
0.000133991
0.000126123
0.000143051
0.000116825
0.000108004
0.000169992
0.000169992
0.000133038
0.000141144
0.000133991
0.00013423
0.000123024
0.000123024
0.000130892
0.000153065
0.000130892
0.000134945
0.00012207
0.000161886
0.000143051
0.000142097
0.000109911
0.000113964
0.000133991
0.000158072
0.000136852
0.000145912
0.000138998
0.000166893
0.000119925
0.000153065
0.000113964
0.000118017
0.000120163
0.000138044
0.000113964
0.000130892
0.00010705
0.000138044
9.10759e-05
9.89437e-05
8.70228e-05
0.000135899
0.000146866
0.000194788
0.000176907
0.000212908
0.000130892
0.000146151
9.10759e-05
0.000149012
0.000119209
0.000123024
0.000118017
0.000123024
0.00011301
0.000163078
0.000112057
0.000138998
0.000114918
0.000123024
0.000103951
0.000130177
0.000111103
0.000126839
0.000129223
0.000149012
0.000145197
0.000148058
0.000117064
0.000112057
0.000111103
0.000144005
0.00011301
0.000128984
0.000123978
0.000134945
0.000129938
0.000138998
0.000123978
0.000126839
0.000123978
0.000137091
0.000111103
0.000128031
0.000120878
0.000136852
0.000132084
0.000136852
0.000118017
0.000134945
8.4877e-05
0.000119925
0.000132084
0.000154972
0.000134945
0.000135183
0.000154018
0.000152111
0.000131845
0.000138998
0.000112057
0.000120878
0.000105143
0.000129938
0.000110865
0.000145197
0.000132084
0.000164986
0.000102043
0.000100136
0.000108004
0.000119925
9.10759e-05
0.000100136
0.000110149
0.000127792
0.000133991
0.000158072
0.000114918
0.000123978
0.000119925
0.00014019
0.00012207
0.000151873
0.000106096
0.000119925
0.000112057
0.000124216
0.000108004
0.000108004
0.000121117
0.000138998
0.000118017
0.000129938
0.000111818
0.000122786
0.000112057
0.000141859
9.20296e-05
0.000120163
0.000102043
0.000142097
0.000101089
0.000101089
9.5129e-05
0.000133991
0.00011611
0.000125885
0.000105143
9.89437e-05
0.000118971
0.000144005
0.000110149
0.000114202
8.89301e-05
0.000119209
0.000118017
0.000137091
0.000118971
0.000144005
0.000132084
0.000191212
0.000114918
0.000174999
0.000108004
0.000124216
0.000105143
0.000109911
7.89165e-05
0.000111103
0.000112057
0.00013113
0.000132084
0.000136852
9.799e-05
0.000129938
0.000108004
0.000109911
0.00011301
0.000128031
0.000128984
0.000143051
0.000118017
0.000124931
0.000123024
0.000155926
0.000113964
0.000120878
0.000114918
0.000128984
0.000110149
0.00011611
0.000111818
0.000127077
0.000170946
0.000173807
0.00013113
0.000133991
0.000123978
0.000128984
0.000124931
0.00013113
0.000134945
0.000141144
0.000129938
0.00018096
0.000121117
0.000121832
0.000123024
0.000137091
9.41753e-05
0.00012207
0.00011301
0.000128031
0.000113964
0.000125885
0.000100851
0.000108957
0.000115156
0.000185013
0.000118017
0.000123024
0.000130892
0.000123024
0.000104904
0.000123024
9.799e-05
9.70364e-05
9.60827e-05
0.000110149
8.70228e-05
9.70364e-05
0.000160217
0.000133991
0.000115871
0.000150919
0.000134945
0.000144005
9.799e-05
0.000160217
8.01086e-05
0.000105143
8.39233e-05
0.000128031
0.000115871
0.000145912
0.000127077
0.000130177
0.000121117
0.000135899
0.00011611
0.000138044
0.000195026
0.000159025
9.20296e-05
9.89437e-05
