0.000170946
0.00027895
8.51154e-05
9.799e-05
0.000154972
0.000200987
0.000118971
0.000163078
0.000120163
0.000132084
0.00010705
0.000112057
0.000108004
0.000138998
9.08375e-05
0.000132084
9.48906e-05
0.000103951
0.000114918
0.000116825
0.00011301
0.000103951
8.89301e-05
8.60691e-05
0.000111103
0.000144958
6.29425e-05
0.000115871
0.00011611
0.000123978
0.000119925
0.000165939
0.000110865
0.000132084
9.799e-05
0.000159025
9.10759e-05
0.000142097
9.20296e-05
0.000108957
0.000129938
0.000124216
0.000113964
0.000113964
0.000103951
0.000128984
9.58443e-05
0.000145912
0.000118017
0.000167131
0.000101089
0.000118971
9.29832e-05
9.29832e-05
0.000111103
0.00011301
9.799e-05
0.000114918
0.000104904
0.000106812
9.08375e-05
0.000114202
0.000102043
0.000156879
0.000100851
0.000102997
0.000105143
0.000123978
0.000102043
0.000110865
9.29832e-05
0.000108004
0.000108004
0.000118017
0.000103951
0.000123978
0.000110865
0.000128984
0.000105858
0.000123024
0.000119925
0.000164986
0.000117064
0.000141859
9.10759e-05
0.000115871
0.000118971
0.000169039
0.00011611
0.000133991
0.000113964
0.000110865
0.000108957
0.000109911
0.000113964
0.000162125
0.000115871
0.000133991
0.000118971
0.000139952
0.000115156
0.000139952
9.39369e-05
9.48906e-05
9.58443e-05
0.000105143
0.000108004
0.000119925
0.000133991
0.000138044
0.00010705
0.000124931
9.67979e-05
0.000112057
9.39369e-05
0.000100851
9.48906e-05
0.00011611
0.000138044
0.000153065
0.000101089
0.000108004
0.000104904
0.000138998
0.000118971
0.000148058
0.000109911
0.000156879
0.00010705
0.000128984
0.000114918
0.000133038
9.60827e-05
0.000124931
9.70364e-05
0.000161886
0.000138998
0.000133991
0.000119925
0.000164032
0.000119925
0.000144005
0.000102997
0.000112772
0.000117064
0.00018096
0.000112057
0.000124216
0.000111103
0.000127077
0.000102043
9.98974e-05
0.000104904
0.000161886
0.000105143
0.000130892
9.70364e-05
0.000118017
0.000113964
0.000126123
0.000129938
0.000161886
0.000101805
0.000103951
9.32217e-05
9.98974e-05
9.39369e-05
9.48906e-05
0.000118971
0.000148058
0.000118971
0.000127077
0.000110865
0.000138998
9.67979e-05
0.00011301
0.00011611
0.000139952
0.000121832
0.000138998
0.000115156
0.000117064
0.00010705
0.000110865
0.000109911
0.000119925
0.000106096
0.000161886
0.000110149
0.000139952
0.000104904
0.000123978
9.48906e-05
0.000112057
9.29832e-05
9.48906e-05
0.000102997
0.000137091
0.000114918
0.000127792
0.000130892
0.000136852
0.000102043
0.000115871
0.000108004
0.000165939
8.70228e-05
9.29832e-05
0.000105143
0.000114918
0.000118971
0.00013113
7.60555e-05
7.70092e-05
9.20296e-05
0.000104904
6.69956e-05
8.08239e-05
9.10759e-05
0.000135183
0.000100851
0.000137091
8.2016e-05
0.000121117
6.50883e-05
0.00010705
8.41618e-05
9.39369e-05
0.000108957
0.000115871
0.000111103
0.000149012
0.000103951
0.000139952
0.00011611
0.000158072
0.000102043
0.000129938
0.000118971
0.000121832
0.000102997
0.000114918
9.20296e-05
9.60827e-05
0.000104904
0.000128031
0.000100851
0.00013113
0.000119925
0.000136852
9.89437e-05
0.00012517
0.000114918
0.000161171
8.70228e-05
0.000102043
0.000109911
0.000116825
0.000112057
0.000131845
0.000108004
0.000123024
8.79765e-05
0.000117064
7.20024e-05
9.70364e-05
7.79629e-05
0.000102997
0.000167131
0.000179052
0.000110865
0.000113964
9.799e-05
0.000130892
0.000108004
0.000108004
7.41482e-05
8.29697e-05
0.000104189
0.000130892
0.00012207
0.000158072
9.29832e-05
0.000106096
0.000112057
9.70364e-05
9.48906e-05
0.000100851
0.000121117
0.000119925
9.799e-05
0.000124931
9.5129e-05
0.000129938
9.39369e-05
0.000115871
0.00010705
0.00011301
0.000112057
0.000112057
9.29832e-05
0.000138998
0.000108004
0.000132084
0.000106812
0.000108004
9.20296e-05
9.29832e-05
8.4877e-05
9.29832e-05
0.000108957
0.000123024
0.000108004
0.000153065
8.98838e-05
0.000102997
9.29832e-05
0.00011611
0.000113964
0.000121832
0.000104189
0.000121117
0.000109911
0.000139952
7.20024e-05
0.00012517
0.000109196
0.000123024
0.000105143
0.000121832
0.000108957
0.000149965
0.000101089
0.000113964
0.000106096
0.00014782
0.000115871
0.000121832
0.000105143
0.000126123
9.01222e-05
9.48906e-05
0.000103951
0.000109911
0.000111103
0.000110149
0.000100136
0.000136852
0.000100136
0.000137091
0.000115871
0.000143051
9.39369e-05
0.000118971
9.70364e-05
0.000103951
8.01086e-05
9.10759e-05
0.000123024
0.000133038
0.00010705
0.000149965
0.000115871
0.000162125
0.000106096
0.000158072
0.000102997
0.00013113
0.00010705
0.000124931
0.000117064
0.000114202
9.10759e-05
9.39369e-05
9.89437e-05
0.000118017
0.000111103
0.00011301
0.000144005
0.000146151
0.000103951
0.00011301
0.000102043
0.000103951
9.98974e-05
0.00015521
0.000112057
0.000110865
0.000138044
0.000166893
0.00011301
0.000150919
7.29561e-05
0.000108004
0.000103951
0.00012207
0.000101089
0.000124931
8.70228e-05
0.000132084
0.000117064
0.000135183
6.98566e-05
0.000125885
9.89437e-05
0.000108004
9.89437e-05
0.000108004
0.00012517
0.000169039
0.000102997
0.000149012
0.000115156
0.000108957
9.58443e-05
0.000113964
9.01222e-05
9.29832e-05
0.000108957
0.000105858
0.000101089
0.000127077
9.20296e-05
9.48906e-05
0.000112057
0.000129938
0.000106096
0.000110865
0.000108004
0.000138044
0.000128031
0.000130177
8.89301e-05
9.39369e-05
0.000109911
0.000111103
0.000105143
0.000127077
0.000128984
0.000137091
0.000100851
0.000123024
0.000109911
0.000135899
0.000102043
0.000101089
0.000108957
0.000136852
0.000111103
0.000145912
0.000118971
0.000124931
9.58443e-05
0.000113964
0.000108004
0.000113964
9.60827e-05
0.000113964
0.00010705
0.000124216
0.000104904
0.000158787
9.39369e-05
9.20296e-05
9.89437e-05
0.000118971
0.000114918
0.000115156
0.000133991
0.000144005
0.00012207
0.000135899
0.00010705
0.000124931
0.000102043
0.000102997
9.5129e-05
0.000120878
0.000110149
0.000111103
0.000108004
0.000134945
9.10759e-05
9.41753e-05
9.799e-05
0.000118017
0.000113964
0.000160217
9.60827e-05
0.000157833
0.000105858
0.000119925
0.000101089
0.000114918
9.60827e-05
0.000108957
0.000102043
0.00012207
0.000118017
0.000120163
9.799e-05
9.32217e-05
9.29832e-05
0.000139952
9.60827e-05
0.000121832
9.39369e-05
0.000118017
0.00010705
0.000146866
7.29561e-05
8.39233e-05
7.70092e-05
0.00010705
8.39233e-05
0.000108004
8.39233e-05
0.000117064
0.00010705
0.000123024
0.000115871
0.000137806
0.000100851
0.000113964
9.89437e-05
0.000117064
9.39369e-05
9.39369e-05
7.39098e-05
0.000118017
9.29832e-05
0.000108957
9.20296e-05
0.000101089
9.41753e-05
9.60827e-05
0.000113964
0.000117064
0.000100851
0.000111818
8.82149e-05
0.000113964
0.000108957
8.01086e-05
7.79629e-05
0.000102997
8.58307e-05
0.000123978
0.000108004
0.000106812
9.41753e-05
0.000124931
6.79493e-05
7.98702e-05
0.000106812
0.000121117
0.000111103
0.000138044
8.10623e-05
9.48906e-05
