0.00127816
0.00143886
0.00128317
0.00130415
0.00116992
0.000942945
0.00125599
0.00092411
0.000883102
0.00108886
0.00086689
0.000901937
0.000859022
0.00100708
0.000981092
0.00146914
0.00113416
0.00132203
0.00111198
0.00117111
0.000837088
0.000920057
0.00083518
0.000960112
0.000790119
0.000967026
0.000895977
0.00120711
0.000771046
0.001122
0.00114393
0.00135207
0.00119305
0.00128102
0.000919104
0.000870943
0.00099802
0.000951052
0.00120187
0.00136685
0.000816107
0.00116611
0.00130415
0.00118208
0.00110197
0.00128388
0.00125909
0.00102592
0.000797987
0.00115299
0.000828028
0.00116992
0.000865936
0.00100207
0.00100899
0.00133204
0.000931978
0.000921011
0.000828981
0.000833988
0.000874043
0.000977993
0.00127816
0.00133586
0.00127792
0.000917196
0.00123405
0.000905991
0.000849009
0.00109196
0.000869036
0.00110197
0.0014739
0.00114298
0.00109386
0.00124621
0.000917196
0.00121593
0.00121403
0.00129199
0.000864029
0.00116992
0.000932932
0.00123215
0.000815868
0.0012548
0.000809908
0.00124002
0.000771999
0.00108504
0.000828981
0.00109506
0.000829935
0.00130796
0.000882864
0.00124693
0.00118995
0.00134182
0.00111794
0.00113702
0.000868082
0.000882864
0.00098896
0.00135207
0.00098896
0.00123405
0.000993013
0.00123405
0.000920057
0.000908852
0.000811815
0.000863075
0.00144696
0.0012188
0.00121307
0.00125098
0.00096488
0.00110698
0.000961065
0.00116301
0.00083518
0.00116587
0.00119996
0.0014441
0.0012989
0.000928879
0.00089097
0.00131011
0.00113606
0.00114202
0.000838995
0.00120282
0.00098896
0.000864983
0.00126815
0.0013411
0.00110221
0.00124502
0.0007658
0.000861883
0.000809908
0.00117302
0.00101614
0.00129294
0.00125098
0.00128412
0.00124311
0.00126791
0.00112104
0.00112891
0.000843048
0.00114298
0.000837088
0.000977039
0.00140691
0.00122499
0.000921965
0.00110006
0.000869989
0.00131798
0.00114298
0.00117302
0.000942945
0.00118899
0.000839949
0.00095892
0.000961065
0.001302
0.000912905
0.00114083
0.000889063
0.00116897
0.000926971
0.00113821
0.000938892
0.00120187
0.000980139
0.000861883
0.000975847
0.00133991
0.00115299
0.00117207
0.00107098
0.00120711
0.000819921
0.0011909
0.000895977
0.00122094
0.000846863
0.00118399
0.00113988
0.00117588
0.00108004
0.00118208
0.000812054
0.00126195
0.000855923
0.000963926
0.000833035
0.00083518
0.000868082
0.00133491
0.00101805
0.00127816
0.000896931
0.00129604
0.00082612
0.000939131
0.000814915
0.00113201
0.00115395
0.00133395
0.000849009
0.000967026
0.000800848
0.000850916
0.000831127
0.00137496
0.000863075
0.000864029
0.000880003
0.00136089
0.000862122
0.00123787
0.000934124
0.00114393
0.00119805
0.00136781
0.000858068
0.000893116
0.000876904
0.00131392
0.00114083
0.00117588
0.00117397
0.00121808
0.00090909
0.00126696
0.000907898
0.00115299
0.00087595
0.00115514
0.000981092
0.000966072
0.000972033
0.000933886
0.00116801
0.00130892
0.000802994
0.00113893
0.000803947
0.000846148
0.00121593
0.00142789
0.000939131
0.00110292
0.000831842
0.00117803
0.00104785
0.00131893
0.000890017
0.00119209
0.000831127
0.001261
0.00117898
0.00131583
0.000939846
0.00116897
0.00113487
0.00131679
0.000860929
0.00114679
0.000978947
0.000999928
0.000982046
0.00129509
0.00112891
0.00127506
0.00116801
0.00116515
0.000902891
0.00116205
0.000855923
0.000968933
0.00111794
0.00134706
0.00111508
0.0012331
0.00080204
0.00110412
0.000828981
0.00115013
0.00122499
0.00131083
0.000947952
0.000962973
0.000988007
0.00123906
0.000816822
0.00111794
0.00108314
0.00135684
0.00132489
0.000923157
0.000791073
0.000977039
0.000766993
0.000952005
0.00112104
0.00129604
0.00112605
0.00116587
0.000934839
0.00117302
0.00144219
0.00101304
0.000983
0.00124097
0.00113392
0.00134397
0.000934124
0.00120091
0.000937939
0.00118494
0.00092721
0.00119615
0.00141191
0.00122213
0.00111985
0.00120592
0.00120306
0.00120497
0.00118899
0.00118589
0.00123596
0.00121188
0.00120807
0.000980139
0.000798941
0.000854969
0.000848055
0.000936031
0.00123501
0.00132298
0.00128984
0.00118089
0.000957012
0.00117803
0.00116014
0.0013659
0.000848055
0.00120711
0.000961065
0.00113988
0.00138998
0.00100708
0.000880003
0.001297
0.00114822
0.0013361
0.00110197
0.00112009
0.000943899
0.00123715
0.00147605
0.00129008
0.000993967
0.00110698
0.000848055
0.000858068
0.000843048
0.000868082
0.00125408
0.00131011
0.001086
0.00122094
0.000920057
0.00111914
0.000824928
0.00113606
0.000830173
0.00117803
0.000913858
0.000974894
0.00129604
0.00123692
0.00080204
0.00124002
0.00113082
0.00130892
0.000833988
0.00113606
0.00144792
0.00116611
0.00094986
0.00124192
0.00145078
0.00124693
0.000799179
0.00108695
0.000850201
0.00109601
0.000921965
0.00128913
0.00094986
0.00132918
0.00107002
0.00119901
0.000830889
0.00112605
0.00112987
0.00135708
0.000920057
0.00113606
0.000926971
0.000946045
0.000972986
0.000939131
0.000938892
0.00118399
0.000876904
0.00128222
0.000837088
0.0012579
0.000813007
0.00126004
0.000831842
0.00123787
0.00110006
0.00127101
0.000815868
0.000926971
0.0012331
0.00130582
0.00114512
0.000939131
0.00113416
0.00142097
0.000848055
0.000910997
0.00113797
0.0013032
0.00113106
0.00124788
0.00124907
0.00089097
0.000929832
0.00110912
0.001158
0.00135589
0.000823975
0.00115585
0.000966072
0.00144601
0.00125813
0.00125909
0.00107217
0.00126004
0.000882864
0.00108194
0.00115895
0.00134611
0.00111985
0.00129008
0.00108099
0.00128913
0.00094986
0.00117207
0.000838041
0.000941038
0.000895023
0.00134492
0.000932932
0.00092721
0.00110316
0.000941992
0.00123692
0.00141501
0.000844955
0.00115705
0.00111985
0.00134897
0.000927925
0.00109982
0.000996113
0.00127196
0.000781059
0.00127006
0.00115395
0.012774
0.00117207
0.0013659
0.00116396
0.00128913
0.00107312
0.00127006
0.000927925
0.00110388
0.00111413
0.00132012
0.000827789
0.00116181
0.000829935
0.00121188
0.00191808
0.00208306
0.000907898
0.00102496
0.000872135
0.00116611
0.00112581
0.00134706
0.000984907
0.000829935
0.000847816
0.00127506
0.00130606
0.00138116
0.00104094
0.00129914
0.00105715
0.00120401
0.00148797
0.00125599
0.00109196
0.00125003
0.00116801
0.0012269
0.00104189
0.00124812
0.000859976
0.000957012
0.000957966
0.00127602
0.0010941
0.00126195
0.00116801
0.00127101
0.000879049
0.00108099
0.000844955
0.00120306
0.00147796
0.000998974
0.00125599
0.0012579
0.000909805
0.00120902
0.000824928
0.00117183
0.000836849
0.000898123
0.00120115
0.00143099
0.00123
0.001297
0.000915051
0.00136209
0.000863791
0.000908852
0.000915051
0.00132608
0.0013659
0.00130081
0.00095892
0.00109887
0.00120997
0.00128508
0.00109196
0.00113988
0.000808001
0.00118709
0.00120592
0.00132704
0.00128889
0.00092411
0.00102592
0.00135398
0.000798941
0.000934124
0.000892878
0.00133991
0.000919104
0.000868797
0.000998974
0.00142288
0.00111008
0.00127387
0.000797033
0.00113416
0.000869989
0.000878096
0.00126195
0.00142002
0.000944138
0.00110602
0.000797987
0.00121713
0.000842094
0.00109601
0.000849962
0.001086
0.000929832
0.00122094
0.000962973
0.00120711
0.00092411
0.00119686
0.000801086
0.00119781
0.000835896
0.000932932
0.00148892
0.00121808
0.000818014
0.00114584
0.000946999
0.000986814
0.000859976
0.000907183
0.000838041
0.000978947
0.00132704
0.00124502
0.000823021
0.00117707
0.00118494
0.00130701
0.00110197
0.00116706
0.00110888
0.00117493
0.0011251
0.001261
0.00117397
0.00129294
0.00108194
0.00131297
0.000884056
0.00117397
0.000912905
0.00117707
0.00113797
0.00130415
0.00109315
0.00114393
0.000929117
0.000994205
0.000837088
0.00118184
0.000853777
0.00109792
0.000826836
0.00124478
0.00145984
0.00103807
0.00109291
0.00120592
0.00114322
0.00116801
0.000954866
0.00124097
0.00122786
0.00088501
0.00120807
0.00144005
0.000931025
0.00120807
0.000877142
0.00107002
0.000862122
0.00117302
0.000921965
0.00117898
0.00130105
0.00114703
0.00111294
0.00122714
0.000824928
0.00108695
0.000867128
0.00128889
0.00144315
0.000941038
0.00125504
0.00118899
0.000912905
0.00118399
0.000836134
0.00109982
0.00199199
0.00220299
0.00124311
0.00126004
0.00095582
0.0010581
0.000878811
0.0010519
0.000951052
0.00130606
0.000851154
0.00117493
0.00143504
0.00123906
0.00112295
0.00124192
0.00103688
0.00114894
0.000854015
0.0011549
0.000849962
0.00116205
0.00117493
0.00132012
0.00127888
0.00120997
0.000977993
0.000882149
0.000837088
0.000855923
0.00119781
0.00139403
0.000895023
0.00109506
0.00096488
0.00113487
0.00121903
0.00131488
0.000854969
0.000940084
0.000952959
0.00146079
0.00123191
0.00125408
0.00114012
0.00123882
0.00097394
0.00117087
0.00116205
0.00135183
0.0011549
0.00120497
0.00125504
0.001266
0.00100398
0.00114799
0.00119805
0.00146198
0.00116897
0.00119686
0.000926971
0.00122905
0.00100899
0.00130701
0.00105095
0.000941038
0.000900984
0.00129294
0.000832081
0.000888824
0.000823975
0.000864983
0.000808954
0.00127697
0.000780106
0.00125694
0.00122714
0.00132895
0.000897169
0.001194
0.000870943
0.00087595
0.00081706
0.000890017
0.000949144
0.00144219
0.000961065
0.00123501
0.000825167
0.000859022
0.00113201
0.00134706
0.00109601
0.00123978
0.000867128
0.000936985
0.000980139
0.000880003
0.000767946
0.000829935
0.00085783
0.00135899
0.000893116
0.000917912
0.000837088
0.000880003
0.00144696
0.000957966
0.00110102
0.00114012
0.00115991
0.00117612
0.00122714
0.00125408
0.000931025
0.00109601
0.00080204
0.00121999
0.00108719
0.00131798
0.00116014
0.00116301
0.00114989
0.00117993
0.000910997
0.00119209
0.0008111
0.0012331
0.000856876
0.00140905
0.000849009
0.000917196
0.000828981
0.000962019
0.00121713
0.00130796
0.00118804
0.00122881
0.000843048
0.00124502
0.000882149
0.00131106
0.00111485
0.001266
0.00111389
0.00121713
0.000854015
0.000944853
0.000827074
0.00129199
0.000876188
0.00111389
0.00110102
0.00123596
0.00125694
0.00123882
0.00085187
0.00123
0.000839949
0.0011301
0.00112891
0.00133491
0.000870943
0.00118899
0.000957966
0.00114393
0.000900984
0.00126886
0.000782967
0.000798941
0.000868082
0.00132704
0.000873804
0.00114703
0.000874043
0.00126195
0.000833035
0.00123501
0.00115013
0.00116515
0.000861883
0.00113988
0.00146604
0.000967979
0.000928879
0.000999928
0.00167203
0.00201988
0.00088191
0.00120711
0.000889063
0.00117183
0.00104189
0.000846863
0.000870943
0.00141597
0.000874043
0.000911951
0.00112915
0.00135517
0.00114012
0.00116611
0.000943184
0.00118709
0.000940084
0.00122905
0.00142097
0.000804901
0.00114703
0.00116897
0.00112104
0.00115609
0.00130486
0.00122881
0.000926018
0.00121498
0.00121784
0.00137711
0.00126004
0.0015471
0.00106192
0.00113916
0.000870943
0.000937223
0.000848055
0.00145602
0.001127
0.00123096
0.000853062
0.00111604
0.000854015
0.00086689
0.00113511
0.00145698
0.00127602
0.00123
0.001086
0.00118613
0.00107193
0.00110698
0.00116301
0.00117207
0.000813961
0.000922918
0.00143909
0.000977993
0.000957012
0.0010891
0.000827074
0.00112796
0.000897884
0.00115705
0.00124693
0.000995159
0.00121593
0.00141597
0.00110698
0.00122404
0.000855923
0.000901937
0.000873804
0.000994205
0.000915051
0.00125504
0.00116301
0.00132012
0.00127792
0.00130391
0.000811815
0.000972986
0.000917912
0.00134397
0.00103688
0.00128388
0.000974178
0.000928879
0.000848055
0.000886917
0.000891924
0.00129819
0.000855923
0.00115514
0.000908852
0.000956774
0.00127506
0.00143194
0.00107789
0.00125122
0.00113916
0.00115705
0.000844002
0.00105715
0.000962973
0.00143695
0.000883102
0.00127101
0.000923157
0.00112987
0.00110102
0.0013001
0.000940084
0.0012002
0.000917912
0.00112796
0.00141001
0.00120783
0.000808001
0.001194
0.000810146
0.00114703
