0.00290489
0.00409603
0.00417805
0.00454116
0.00513101
0.00557685
0.0060091
0.0060699
0.000962019
0.000876904
0.000945091
0.00136995
0.00188088
0.00178885
0.00231099
0.00281501
0.000814915
0.00135994
0.00184989
0.001899
0.00194597
0.00191998
0.00236011
0.00282383
0.00125885
0.00182295
0.00178003
0.00125194
0.001827
0.00145602
0.00147009
0.00240993
0.000267982
0.00047493
0.00088501
0.00127888
0.00172806
0.00219893
0.00282812
0.00334287
0.000274897
0.000427961
0.000846148
0.00130486
0.00181198
0.00232792
0.00284195
0.0035491
0.000408888
0.000951052
0.00145388
0.000960827
0.00140786
0.000966072
0.00133991
0.00178409
0.00186682
0.00192714
0.0017879
0.00178218
0.00180006
0.001894
0.00235391
0.00286317
0.00196195
0.00188684
0.00180984
0.0017941
0.0012691
0.00132298
0.00187707
0.00254893
0.000267029
0.000473022
0.000931025
0.00140309
0.00180697
0.0024209
0.00243497
0.00290298
0.00029397
0.000467062
0.00095892
0.00143909
0.0018971
0.0024569
0.002985
0.00345182
0.000814199
0.000837088
0.00127578
0.00188804
0.00192881
0.00179482
0.00243306
0.00244808
0.00146914
0.00147009
0.00183296
0.000862837
0.00141215
0.00146484
0.001472
0.00245905
0.000873089
0.00129104
0.0012691
0.00125504
0.00134492
0.001405
0.00185204
0.00238705
0.000313997
0.000507832
0.000797033
0.00133395
0.0018599
0.00247598
0.00290394
0.003479
0.000329018
0.000410795
0.000926018
0.00153208
0.00204706
0.00262094
0.00318217
0.00379395
0.00110197
0.00101709
0.00149393
0.00148892
0.00202703
0.00209618
0.00257182
0.00316882
0.00216198
0.00166583
0.00219798
0.00211215
0.00208998
0.00206399
0.00252509
0.00311685
0.00205207
0.00202203
0.00201917
0.00196099
0.00206208
0.00214291
0.00264597
0.00323296
0.000326872
0.000431061
0.000905991
0.00139213
0.00202799
0.00255895
0.00322795
0.00384212
0.000279903
0.000494957
0.000823021
0.001472
0.00183392
0.00244904
0.00293803
0.00348592
0.00101113
0.00126505
0.00108409
0.00167298
0.00226212
0.00224805
0.00286198
0.00347495
0.00234604
0.00227094
0.00243092
0.00236416
0.00240088
0.00250196
0.00311708
0.00371623
0.00250697
0.00177693
0.00170398
0.00159097
0.00163507
0.00174189
0.00235105
0.00293994
0.000283003
0.000528812
0.00104308
0.00176096
0.00229907
0.00290489
0.00350094
0.00398016
0.000263929
0.000399828
0.00101995
0.00151706
0.00215006
0.00268006
0.00320196
0.00375891
0.00221515
0.00234413
0.00113201
0.00172305
0.00228405
0.0023222
0.0028522
0.00346613
0.00167799
0.00174999
0.00229716
0.00225997
0.00167704
0.00220203
0.00273108
0.00344706
0.00235295
0.00237679
0.00237298
0.00232387
0.00219703
0.00220799
0.00277019
0.003371
0.000288963
0.000442982
0.000921011
0.00162482
0.00214481
0.00270391
0.0034771
0.00404477
0.000273943
0.000423908
0.00114393
0.00176191
0.00235415
0.00293994
0.00339913
0.00393009
0.00107503
0.00111914
0.000936985
0.00152087
0.00210404
0.00167108
0.0022819
0.0028069
0.002321
0.00163794
0.00223684
0.00211
0.00208592
0.00213194
0.00270295
0.0033021
0.00214982
0.0021081
0.00214601
0.00206304
0.00216103
0.00220799
0.00270987
0.00328398
0.000368834
0.000586987
0.00107312
0.00175595
0.00226402
0.00286818
0.00341511
0.00395012
0.000329018
0.000471115
0.00091815
0.00153112
0.00215411
0.00280499
0.00324392
0.00377584
0.000941992
0.00166106
0.00225401
0.00212193
0.00230813
0.00215411
0.00268698
0.00322509
0.00216293
0.00218487
0.00219297
0.00224304
0.0022471
0.00219083
0.00271797
0.00331903
0.00160599
0.00163579
0.000979185
0.000984907
0.00100493
0.00109601
0.00170517
0.00230217
0.000359058
0.000521898
0.000950098
0.0014329
0.00210595
0.00271392
0.00319505
0.00383782
0.000293016
0.000443935
0.00097394
0.00155807
0.00206113
0.0026679
0.00331187
0.00384784
0.000996113
0.00102711
0.00111103
0.00172901
0.00225091
0.00234509
0.00293303
0.00354981
0.000902891
0.00149298
0.00206995
0.00217295
0.00241184
0.00231194
0.00290704
0.00359702
0.0023818
0.0023849
0.00236297
0.00158596
0.00222611
0.00230193
0.00286889
0.00341201
0.000349045
0.000524998
0.00102782
0.00164986
0.00239682
0.00294805
0.00368309
0.00430608
0.000334978
0.000458956
0.00106311
0.00153399
0.00215101
0.00276589
0.00343585
0.00398302
0.00174618
0.00112414
0.00116992
0.0016582
0.00223398
0.00222898
0.00267506
0.00315809
0.00134897
0.00181699
0.00191998
0.00130892
0.0017519
0.00175786
0.002249
0.0027132
0.00182199
0.00130415
0.00180602
0.00132799
0.00181699
0.00183296
0.00235987
0.0027771
0.000319958
0.000480175
0.000859022
0.00131798
0.00171685
0.00228596
0.002738
0.00321817
0.000326157
0.000488997
0.000906944
0.00130916
0.00177884
0.00224519
0.0026741
0.00308084
0.000590801
0.00106597
0.000923872
0.00142694
0.00199199
0.00197196
0.00250602
0.00252914
0.000389099
0.000926971
0.00139499
0.0013032
0.00173903
0.00165486
0.00212908
0.00270295
0.00185299
0.00137401
0.001858
0.00179601
0.00176001
0.00176001
0.00217199
0.002707
0.000315905
0.00047493
0.00095582
0.00139809
0.00193381
0.00242901
0.00243306
0.0028739
0.000308037
0.000432014
0.00085783
0.00135303
0.00178909
0.002244
0.00275898
0.00334191
0.00101089
0.000702858
0.00116086
0.00166106
0.00177908
0.0018189
0.00228715
0.0027411
0.00125194
0.00173807
0.00164509
0.00130105
0.001755
0.00175691
0.00222206
0.00265884
0.00172687
0.00121808
0.001688
0.00176692
0.00173116
0.00168395
0.0021131
0.00261497
0.00030899
0.000477076
0.00088191
0.00139809
0.00187802
0.00243616
0.00288701
0.00329995
0.000325918
0.000454903
0.000821114
0.00135493
0.00178003
0.00227714
0.00301385
0.00351405
0.00211596
0.00145793
0.000901937
0.00150609
0.00209594
0.00217104
0.0026381
0.00317121
0.00213289
0.00212216
0.00217414
0.00159192
0.00218701
0.00209117
0.00261283
0.00314879
0.00204206
0.00149512
0.00210905
0.00215006
0.00221205
0.00223207
0.00271797
0.00326419
0.000302076
0.00049901
0.000854969
0.00149798
0.00201201
0.00248814
0.00298905
0.003546
0.000267982
0.000414848
0.000807047
0.00121212
0.00246406
0.00307393
0.00366402
0.00424314
0.00217605
0.00218821
0.0016489
0.00231194
0.00241303
0.00225806
0.00294304
0.00351906
0.00166202
0.00231791
0.0022459
0.00153899
0.0021379
0.00216794
0.00263405
0.00328684
0.0022459
0.001616
0.00221992
0.00221586
0.00221205
0.00230289
0.00287199
0.00285316
0.000306129
0.000474215
0.000967979
0.00152516
0.00213408
0.002635
0.00313902
0.0038178
0.000295877
0.000386953
0.000852108
0.00145888
0.00209808
0.00253797
0.00316191
0.00381088
0.00115418
0.000962019
0.00100708
0.00160313
0.00220323
0.002321
0.00232482
0.00284696
0.00118089
0.001297
0.00180602
0.00161505
0.00219011
0.00225401
0.00274396
0.00350308
0.00237489
0.00241613
0.00243807
0.0023129
0.002213
0.00200486
0.00260687
0.00317311
0.000317097
0.000482082
0.000911951
0.00139189
0.00214505
0.00280595
0.00328207
0.0038209
0.000295877
0.000470161
0.000880003
0.00139713
0.00195312
0.00254893
0.00317311
0.00380206
0.00104117
0.00106812
0.00111914
0.00168514
0.00214911
0.00216198
0.00275898
0.00335002
0.00100589
0.0016129
0.0022471
0.00214386
0.00224495
0.0021112
0.00258207
0.00325108
0.00224996
0.00218892
0.00222588
0.00201201
0.00211692
0.00212502
0.00272083
0.00332499
0.000262022
0.000441074
0.000841141
0.00139809
0.00197601
0.00256205
0.00334215
0.00381184
0.000277996
0.000452042
0.00090003
0.00145602
0.00211906
0.00284982
0.00349402
0.00413108
0.00128293
0.00122905
0.00179505
0.00254297
0.00244808
0.0024929
0.00309205
0.00373197
0.00251007
0.00234604
0.00232196
0.00230479
0.00235009
0.0022769
0.00288105
0.003474
0.00220704
0.00226092
0.00222301
0.00223017
0.00238705
0.00236201
0.0028801
0.00351501
0.000337124
0.000521898
0.000895977
0.00143313
0.00201797
0.00258398
0.0031991
0.00390816
0.000295877
0.000432968
0.00092411
0.00160718
0.00216103
0.00268412
0.00333619
0.00399303
0.00121903
0.00106788
0.000932932
0.00150418
0.00208592
0.000314951
0.000498056
0.000856876
0.0014379
0.00206304
0.00263906
0.000513077
0.00102806
0.000917912
0.00114012
0.00165105
0.00228095
0.00180697
0.00238299
0.00163603
0.00163102
0.00186014
0.00246
0.0030961
0.000334978
0.000438213
0.00104308
0.00169897
0.0022881
0.00291395
0.00364304
0.00425601
0.000314951
0.000497103
0.00100994
0.00159693
0.00219083
0.00278187
0.00332808
0.00395679
0.000494003
0.00100994
0.000965118
0.00155902
0.00218892
0.00232601
0.0029161
0.00349283
0.00170302
0.00230002
0.00228715
0.00169301
0.00231194
0.00239205
0.00292087
0.00352597
0.00248814
0.0024159
0.00230002
0.00225115
0.00195408
0.00195909
0.00238705
0.00285411
0.00026083
0.000414848
0.000829935
0.00133991
0.00181913
0.00228
0.00274897
0.00313497
0.000292778
0.000452995
0.000904083
0.00132084
0.00184798
0.00238395
0.00286984
0.00330687
0.000897884
0.00152397
0.00201797
0.00226092
0.00226903
0.000586033
0.00054884
0.000446081
0.000962019
0.00155616
0.00202799
0.000921011
0.000928164
0.000953197
0.000840902
0.00132394
0.00178504
0.00140309
0.00146914
0.00144601
0.00147891
0.00145602
0.00183201
0.00237489
0.00030899
0.000463963
0.000942945
0.00150514
0.00197887
0.00236511
0.00295305
0.00341296
0.000259876
0.000370026
0.000849009
0.00127816
0.00174284
0.00226498
0.00276899
0.00325108
0.000967026
0.000978947
0.00104499
0.00151801
0.00208187
0.00200987
0.00251102
0.00306892
0.00198603
0.00196481
0.00195718
0.00190711
0.00191593
0.00192904
0.00242114
0.00288391
0.00187397
0.00187206
0.00181913
0.00190806
0.00192404
0.00195813
0.00247908
0.00295305
0.000282049
0.000458956
0.000823021
0.00129509
0.00177217
0.00221896
0.00282907
0.00339794
0.000286818
0.000415087
0.000770092
0.001261
0.00171113
0.00224209
0.00279903
0.00330806
0.00203395
0.000812054
0.000741959
0.00128412
0.00182986
0.00191998
0.00239706
0.00314498
0.00211
0.00215793
0.00211
0.00181317
0.00191188
0.00188398
0.00240493
0.00295186
0.00206089
0.00206804
0.00201893
0.00201201
0.00207686
0.00211406
0.00260901
0.00309896
0.00028491
0.000447989
0.000793934
0.00129795
0.00170112
0.00233388
0.00290108
0.00340414
0.000283957
0.000427961
0.00081706
0.00140095
0.00194407
0.00243306
0.00290108
0.0034101
0.00138593
0.00186706
0.00089097
0.00141621
0.00191689
0.00201511
0.00261998
0.00261807
0.00158596
0.00212598
0.00203109
0.00203514
0.00208998
0.0020082
0.00257111
0.00313997
0.0019052
0.00201607
0.00208688
0.00205207
0.00212407
0.00225616
0.00283289
0.00330806
0.00029397
0.000463009
0.000869989
0.00154209
0.0021348
0.00264883
0.00317383
0.00369501
0.000321865
0.000484943
0.000931025
0.00153303
0.00208497
0.00271606
0.00331187
0.00375104
0.00101995
0.00160408
0.0017612
0.00165081
0.00217414
0.00215888
0.00267696
0.0032599
0.00207305
0.000931025
0.00147891
0.00205183
0.00207591
0.00220704
0.00269699
0.00325084
0.00149202
0.0020709
0.00220203
0.00216508
0.00215983
0.00215006
0.00274587
0.0035131
0.000286102
0.000446796
0.00088501
0.00159502
0.00231004
0.00293899
0.00349879
0.00396204
0.00027895
0.000414848
0.000859976
0.001405
0.00188494
0.00255013
0.00298715
0.003582
0.00208616
0.00211787
0.00218892
0.00191998
0.00246787
0.00243902
0.00304794
0.00364399
0.00226593
0.00165415
0.00227094
0.00166297
0.00219893
0.00229192
0.00288606
0.00349498
0.00222898
0.00172186
0.00229692
0.00239301
0.00257993
0.00248098
0.003057
0.00362396
0.000339031
0.000546217
0.00095892
0.00156021
0.00234795
0.00282884
0.00358415
0.00414801
0.000283003
0.000445843
0.000896931
0.00149298
0.00209093
0.00268817
0.00333786
0.0038259
0.000993013
0.00107789
0.00108004
0.00160503
0.00228
0.00234389
0.00292087
0.00353885
0.00164914
0.00166607
0.00226688
0.00234985
0.00234294
0.00237894
0.00293708
0.00356197
0.00223589
0.0022471
0.00232196
0.00214791
0.00219202
0.00213289
0.00270605
0.00322199
0.000267982
0.000423908
0.000905991
0.00154805
0.002141
0.00277305
0.00388193
0.00438809
0.000337839
0.000494003
0.000955105
0.00161004
0.00212789
0.00274611
0.00330997
0.0037899
0.00212812
0.00155306
0.00157595
0.00212789
0.00212908
0.00204706
0.00250793
0.00307703
0.00215006
0.00217795
0.00219393
0.00212693
0.00222778
0.0021131
0.00263786
0.00324798
0.00218892
0.00215292
0.00214815
0.00211883
0.00222182
0.00214911
0.00265503
0.00323796
0.000277042
0.000460863
0.000860929
0.00138092
0.00203705
0.00263906
0.00317001
0.00381017
0.000277996
0.000375986
0.000868082
0.00139618
0.00195885
0.00251889
0.00313401
0.00359917
0.00108194
0.0017252
0.00190902
0.00242901
0.00225306
0.00218511
0.00271893
0.00343704
0.00235701
0.00240588
0.00229311
0.0021081
0.00216103
0.00206709
0.00267911
0.00329304
0.00225687
0.00230408
0.00221491
0.00211191
0.00210786
0.00214291
0.00273085
0.00334311
0.000283957
0.000452995
0.000845909
0.00144291
0.00193501
0.00236583
0.00280023
0.00319505
0.000328064
0.000535965
0.00103116
0.00147986
0.00196099
0.00243402
0.00281405
0.00331116
0.000844955
0.00131297
0.00133395
0.00171113
0.001755
0.00176382
0.00225806
0.00271797
0.00192785
0.00189805
0.00189185
0.0019629
0.00176001
0.00186706
0.00226283
0.00273204
0.00167108
0.00165415
0.00163507
0.00168705
0.00167489
0.00182009
0.00225401
0.002666
0.000311136
0.000464916
0.00085187
0.00137997
0.00179696
0.00225902
0.00273514
0.00316906
0.000283957
0.000482798
0.000880003
0.00132799
0.00175309
0.00220084
0.00263906
0.003124
0.000823975
0.000855923
0.00129914
0.00177717
0.00183201
0.00177789
0.00227714
0.00276804
0.00182605
0.00187302
0.00181079
0.00178003
0.00179982
0.00180793
0.00230122
0.00276995
0.00182104
0.00181913
0.00167084
0.00175381
0.00178409
0.0016911
0.002177
0.00261879
0.00027585
0.000425816
0.000828028
0.0013051
0.00183105
0.00225997
0.00275207
0.00317883
0.00028801
0.00043416
0.000825167
0.00130701
0.00175786
0.0022099
0.00268412
0.00319505
0.000960112
0.000831127
0.000829935
0.00126982
0.00175905
0.00180602
0.00227904
0.0027411
0.00130892
0.00129509
0.00180101
0.00130486
0.00178218
0.00176311
0.00224185
0.00271297
0.00183082
0.00187111
0.00192404
0.00195909
0.00199103
0.00185895
0.00236511
0.00282216
0.000298023
0.000458956
0.000874996
0.00139713
0.00194693
0.00235796
0.00290895
0.00328183
0.000314951
0.000519037
0.000957966
0.00148487
0.00202703
0.00253105
0.00304294
0.00364304
0.00102997
0.00148392
0.00154114
0.00209498
0.00206995
0.00218606
0.00271177
0.00321507
0.00202084
0.00202489
0.00195384
0.00200582
0.00215006
0.00217795
0.00276494
0.00341296
0.00223994
0.00218797
0.0020988
0.00202489
0.0020051
0.00201392
0.00256705
0.00303507
0.000266075
0.000370026
0.000844955
0.00142503
0.00195193
0.00250602
0.00291204
0.00342202
0.000281096
0.000375032
0.000932932
0.00149107
0.00207615
0.00253415
0.00311303
0.00367188
0.00169182
0.000960112
0.000447035
0.00104523
0.00160694
0.00158501
0.00214505
0.00259614
0.000916958
0.00148511
0.00198388
0.00217605
0.00202203
0.00205684
0.00264621
0.00321889
0.00210309
0.0021081
0.00212693
0.00204301
0.002038
0.00212097
0.00271487
0.00332594
0.000292063
0.00045681
0.000836849
0.00134611
0.00196314
0.00253391
0.00302601
0.00360799
0.000266075
0.000457048
0.000934124
0.00148416
0.00211406
0.00270009
0.00317693
0.00383806
0.000526905
0.0011158
0.00166798
0.00159311
0.00218606
0.00110507
0.00154901
0.00209308
0.00213313
0.00211692
0.00212717
0.00209785
0.0021081
0.00244308
0.00304413
0.00356817
0.00259399
0.00208497
0.00206709
0.00212789
0.00218892
0.00220609
0.00277281
0.00331903
0.000311136
0.000474215
0.00095582
0.00146699
0.00221992
0.00277781
0.00338888
0.00410819
0.000303984
0.000457048
0.000972986
0.00155902
0.00212312
0.00266695
0.00330305
0.003824
0.001647
0.00108504
0.000976086
0.00153518
0.00210094
0.0021739
0.00277996
0.00337601
0.0016911
0.00226116
0.00236988
0.00113606
0.00167704
0.00229883
0.00277615
0.00336218
0.00215983
0.00105786
0.00165582
0.00165105
0.00170183
0.00166917
0.00163889
0.00223994
0.00028801
0.000481844
0.000977993
0.00157094
0.00228286
0.00276184
0.00344181
0.00395513
0.000311136
0.000424862
0.000959158
0.00148702
0.00213003
0.00302982
0.0036099
0.00417209
0.00256515
0.00165296
0.00105
0.00169396
0.00230384
0.00241709
0.00293207
0.00352216
0.00114202
0.00173283
0.00228715
0.0022831
0.00234604
0.002285
0.00292301
0.00345087
0.00223899
0.00241184
0.00244594
0.00240111
0.00236487
0.00223708
0.00274491
0.0032649
0.000266075
0.000463963
0.00100803
0.00157404
0.00210309
0.00275612
0.00328398
0.0038991
0.000309944
0.000517845
0.000926971
0.00153518
0.00210595
0.00279498
0.003196
0.00375795
0.00140095
0.00155187
0.00151086
0.00204301
0.00219202
0.00222111
0.00278401
0.00333905
0.002074
0.00213408
0.00151801
0.001719
0.00220203
0.00225091
0.00290203
0.00351501
0.00227904
0.00237703
0.00232792
0.00236392
0.00236201
0.00226712
0.00287318
0.003474
0.000292778
0.000462055
0.000941992
0.00156498
0.00215197
0.00266504
0.0033021
0.0038712
0.000301123
0.000472784
0.000923872
0.0015471
0.00210786
0.00268698
0.00324011
0.00374722
0.000898123
0.000892878
0.000883818
0.00132513
0.00180197
0.0016849
0.00211406
0.002563
0.00140309
0.00125694
0.00170803
0.00117493
0.0016489
0.00166106
0.00212002
0.00259089
0.00161219
0.00128007
0.00172019
0.00177288
0.001755
0.00168896
0.00216389
0.00264311
0.000279903
0.000457048
0.000828028
0.00131512
0.00177503
0.00220799
0.00272298
0.00321913
0.000476122
0.000695944
0.000838041
0.00148296
0.00175309
0.00208402
0.00245118
0.00291204
0.000863075
0.000838995
0.000636101
0.00110102
0.0016098
0.00178409
0.00223589
0.00276995
0.000905991
0.00138521
0.00184011
0.00124502
0.00169683
0.00173283
0.0022471
0.00277996
0.00191879
0.00143313
0.00188208
0.00174189
0.0017271
0.00171399
0.002213
0.00271893
0.000375032
0.00052309
0.000961065
0.001297
0.00176787
0.00226998
0.00269103
0.00317693
0.00032711
0.000442028
0.000883102
0.00130415
0.00180602
0.0022819
0.00280309
0.0033381
0.00141883
0.0008111
0.00126004
0.00171113
0.00174308
0.00170207
0.00229907
0.00272584
0.00184917
0.00186896
0.00169086
0.00173998
0.00181413
0.0019021
0.00230098
0.00283289
0.00201607
0.00203013
0.00197196
0.00189805
0.00176001
0.00173497
0.00221705
0.00272989
0.000279903
0.000393867
0.000809908
0.0013659
0.00184584
0.00229001
0.00272393
0.00312996
0.000272036
0.000403881
0.000781059
0.00127912
0.001755
0.00238085
0.002985
0.00351906
0.00235701
0.00111389
0.00163507
0.00217605
0.00209403
0.00222993
0.00269699
0.00324106
0.00134993
0.001894
0.00197005
0.00146818
0.001899
0.00194192
0.00243402
0.00296593
0.00204897
0.00208998
0.00200605
0.00211596
0.00209785
0.00210905
0.00262284
0.003263
0.000317097
0.000522852
0.000929117
0.00142503
0.001899
0.00247502
0.00299788
0.00353503
0.000291824
0.000403881
0.000838995
0.00117898
0.00162292
0.00221395
0.00284004
0.00342107
0.000982046
0.00155401
0.00141811
0.00191212
0.00225592
0.00212312
0.0027349
0.00334597
0.00163794
0.00215912
0.00211883
0.00150895
0.00204015
0.00214195
0.00273681
0.00331092
0.00161409
0.00155687
0.00207806
0.00205493
0.00209904
0.00198388
0.00254512
0.00308919
0.000314951
0.000479221
0.00087285
0.00144315
0.00201893
0.00255513
0.00307798
0.00373101
0.000239134
0.000386
0.000900984
0.00155091
0.00221395
0.00272894
0.00328493
0.0038259
0.00218296
0.00156093
0.00108314
0.0016768
0.00228405
0.00242114
0.00307894
0.00371218
0.00232506
0.00167704
0.00229311
0.0021832
0.00220513
0.002141
0.00275493
0.0033989
0.00234699
0.00240493
0.00177693
0.00125384
0.00103021
0.00106597
0.00164413
0.00225401
0.000293016
0.000447035
0.000952959
0.00155401
0.00213218
0.00270414
0.0032382
0.00371289
0.000314951
0.000446081
0.000931978
0.00156212
0.00223494
0.00274706
0.00332999
0.004035
0.000479937
0.00115204
0.00120306
0.00181293
0.00237799
0.00227785
0.00288415
0.00404215
0.00184417
0.00289607
0.00230908
0.00175095
0.0018599
0.00176191
0.00234222
0.00286317
0.000427008
0.000593901
0.000573874
0.00116777
0.0017941
0.00251484
0.00297809
0.00353312
0.000339985
0.000576019
0.00107408
0.00162292
0.00219202
0.00267506
0.00328803
0.003896
0.000357151
0.00051403
0.00100398
0.00154686
0.00216103
0.00280404
0.00328302
0.0039022
0.00166011
0.00165796
0.00163293
0.00230908
0.00174499
0.0017519
0.00239205
0.00300503
0.00107098
0.00162315
0.0022049
0.00158215
0.00220513
0.00240088
0.00301695
0.00356698
0.00237799
0.00169897
0.00234699
0.00240993
0.00229716
0.00235677
0.00291204
0.00347686
0.000370979
0.000558853
0.00100994
0.00166011
0.00239205
0.002882
0.00324988
0.00369906
0.000326157
0.000461817
0.000964165
0.00151896
0.00213122
0.00276804
0.00325799
0.00389099
0.000543833
0.00109196
0.00107598
0.00173497
0.00234985
0.00185609
0.00245595
0.00299788
0.00165415
0.00162005
0.00219893
0.00215006
0.00217009
0.00228786
0.00286984
0.00338602
0.00223112
0.00218415
0.00222015
0.00218892
0.00230503
0.00239491
0.00303388
0.00359106
0.000335932
0.000513077
0.000980854
0.00162601
0.00234795
0.00302911
0.00353599
0.00408006
0.000271082
0.000452042
0.000941038
0.00161409
0.00225091
0.002666
0.00332308
0.00383592
0.000466108
0.00102711
0.00112486
0.00171399
0.00221992
0.00226998
0.00290108
0.00352693
0.00110888
0.00174809
0.00241685
0.00227714
0.00217319
0.00202894
0.00252509
0.003021
0.00181699
0.0019021
0.00184798
0.00137615
0.00184608
0.00198793
0.00239396
0.00289702
0.000302076
0.000478983
0.000896931
0.00140309
0.00188899
0.00226212
0.00272989
0.00321913
0.000311852
0.000463009
0.000923157
0.00134611
0.00188494
0.00236702
0.00282812
0.00330806
0.000888109
0.00135112
0.00132203
0.00182796
0.00184989
0.00193405
0.00237083
0.00285411
0.00182414
0.00185704
0.00185013
0.00192094
0.00188088
0.00185919
0.00230813
0.00283718
0.00192094
0.00212216
0.00203991
0.00194597
0.00202322
0.00187802
0.00230908
0.00278807
0.000344992
0.000514984
0.000993967
0.00138807
0.00201607
0.00243711
0.00295091
0.00331116
0.000283957
0.000427961
0.000766039
0.00118613
0.001724
0.002213
0.00264716
0.00314689
0.00139809
0.000813007
0.00123501
0.00123096
0.00178385
0.00175714
0.00231004
0.00276113
0.00187397
0.000916958
0.00133514
0.00136995
0.001863
0.00184703
0.00235605
0.00285506
0.00195813
0.001472
0.00193
0.00196195
0.0019002
0.00185323
0.00235009
0.00285387
0.000337839
0.000509977
0.000910044
0.0014801
0.00204015
0.00251198
0.00291014
0.00348401
0.000313044
0.000447989
0.000878811
0.00131702
0.00186086
0.0023241
0.00273991
0.00328398
0.000972986
0.00146985
0.000462055
0.000913858
0.00143504
0.00145411
0.00195718
0.00249314
0.00209498
0.00157118
0.00223398
0.00156617
0.00204587
0.00201893
0.00257707
0.00307679
0.00213099
0.00151396
0.00208497
0.00204897
0.0020411
0.00208306
0.00261688
0.00316501
0.000296116
0.000458956
0.000999928
0.00153303
0.00202298
0.00249505
0.00316
0.00367212
0.000307083
0.000438929
0.000867128
0.00143099
0.00191402
0.00246191
0.00302005
0.00359011
0.0010829
0.00101995
0.00100899
0.00152612
0.00200796
0.0020349
0.00255704
0.00300908
0.00142097
0.0014441
0.00204086
0.00222492
0.0023911
0.00247502
0.00291896
0.00352502
0.00216913
0.0020411
0.00218296
0.002141
0.00215888
0.00214791
0.00257587
0.00313902
0.00028801
0.00049305
0.000870943
0.00140691
0.00191593
0.00250912
0.00313807
0.00365686
0.000370979
0.000564098
0.00107503
0.00168085
0.00226712
0.00277901
0.00329304
0.0039022
0.001091
0.00107694
0.000858784
0.00158405
0.00226903
0.00236988
0.00294304
0.00344896
0.000935078
0.00150895
0.00208592
0.00218105
0.00209594
0.00207901
0.00268507
0.00325012
0.00208211
0.00215793
0.00208092
0.001966
0.00203609
0.00195003
0.00320911
0.00377798
0.000252008
0.000422001
0.000939846
0.00153399
0.00207305
0.00262713
0.003263
0.00388288
0.000328064
0.000506878
0.000923157
0.00147581
0.00223494
0.00282621
0.00329995
0.00383496
0.000965118
0.00111198
0.00169706
0.00219798
0.00219512
0.00220513
0.00296903
0.00347996
0.00177598
0.00235605
0.00216985
0.000899076
0.00153303
0.0021441
0.00266814
0.00321913
0.00232601
0.00234389
0.00175309
0.00162911
0.00221109
0.00220609
0.00272703
0.00319099
0.000339031
0.00045085
0.000945091
0.00155497
0.0021708
0.00265121
0.00323796
0.00383687
0.000352859
0.00050807
0.00108004
0.001683
0.00220299
0.00279307
0.00338316
0.00390482
0.000444889
0.000941038
0.00103498
0.00162005
0.00213909
0.0020721
0.00263
0.00323319
0.00212288
0.00156307
0.00217199
0.00212598
0.00222802
0.0022862
0.00289702
0.0034709
0.00220418
0.00218511
0.00213504
0.00151086
0.00211096
0.00215197
0.00273395
0.00321388
0.000325203
0.00049305
0.000926018
0.001513
0.00205302
0.00265098
0.00320888
0.00382519
0.000316143
0.000459909
0.000975847
0.00150609
0.00222206
0.00286007
0.00335503
0.00394678
0.000518084
0.00114703
0.00115395
0.00183296
0.00237703
0.00234199
0.00288391
0.00341892
0.00107598
0.0016489
0.00223112
0.00231385
0.00229096
0.00222182
0.00277305
0.00338888
0.00221586
0.00228906
0.00220203
0.00150704
0.00204897
0.00209498
0.00253797
0.00316
0.000375032
0.000476122
0.000966072
0.00151396
0.00198507
0.00263095
0.00319505
0.00373387
0.000314951
0.000479937
0.000914097
0.00154185
0.00214195
0.0026381
0.00317383
0.00387096
0.00180507
0.00242496
0.00173092
0.00233793
0.00229406
0.002244
0.00285387
0.00350595
0.00179601
0.00227594
0.00219798
0.00213695
0.00209999
0.00166106
0.00215197
0.00272608
0.00222898
0.00227094
0.00225806
0.00219989
0.00222516
0.00212693
0.00264502
0.00306201
0.000293016
0.000460148
0.00082612
0.00132489
0.00171018
0.00224996
0.00264287
0.00306416
0.000301838
0.000406027
0.000821114
0.00122499
0.001719
0.00218511
0.00275993
0.00320911
0.00183201
0.00181007
0.00177217
0.00172496
0.00174809
0.00186181
0.00226998
0.00273108
0.00182295
0.00172806
0.00169492
0.000802994
0.00120497
0.000399113
0.00037384
0.0005548
0.000560999
0.00104094
0.0015111
0.000432968
0.000416994
0.000338078
0.000746965
0.00114799
0.000301123
0.000519037
0.000824928
0.00131202
0.00173497
0.002105
0.00263906
0.00315499
0.000294924
0.000408173
0.000776052
0.00132179
0.00172591
0.00228095
0.00284696
0.00332284
0.000895977
0.00138116
0.000895023
0.00139594
0.00187302
0.00184083
0.00236821
0.00278687
0.000761986
0.00131392
0.0018158
0.00200605
0.00191808
0.00199819
0.00237489
0.00283813
0.00183797
0.00172496
0.00174785
0.00175214
0.00179505
0.0014019
0.00183916
0.00227213
0.000322819
0.000423908
0.000862837
0.00135016
0.00185418
0.00232005
0.00282311
0.00318694
0.000309944
0.000444889
0.000849009
0.00143194
0.00196791
0.00248694
0.00299311
0.00341988
0.00126505
0.000836134
0.00129104
0.00178599
0.00182199
0.00188494
0.00235701
0.00284505
0.001863
0.00178194
0.00183296
0.001405
0.00188303
0.00199389
0.00237703
0.00288582
0.00190711
0.00141501
0.00185394
0.00185609
0.0018971
0.00221395
0.00272584
0.00330091
0.000251055
0.000411034
0.000784874
0.00124288
0.0016892
0.00222898
0.00276899
0.00335193
0.000353098
0.000540972
0.0010612
0.00171399
0.00222206
0.00271297
0.00342488
0.0039711
0.00161505
0.00222802
0.00170302
0.001683
0.00226712
0.00225401
0.00279498
0.00341201
0.00227499
0.00167298
0.00231814
0.00227308
0.00216103
0.00219107
0.00285602
0.0035131
0.00247002
0.002527
0.00242782
0.00236082
0.00234795
0.00237489
0.00285196
0.00352311
0.000298977
0.00046587
0.000885963
0.00138116
0.00198913
0.00247502
0.00304198
0.00370693
0.000326157
0.000463009
0.000980139
0.00150919
0.00202894
0.00261998
0.00328398
0.00373101
0.000478029
0.00104403
0.000987053
0.00159883
0.00216293
0.00214601
0.00271702
0.00330615
0.001544
0.00202608
0.0020709
0.00193501
0.00191498
0.00207686
0.00259089
0.00320697
0.00220799
0.00218797
0.00211906
0.00210905
0.00215793
0.00218987
0.00270987
0.00327897
0.000274897
0.000447035
0.000861883
0.00133896
0.00202012
0.00251603
0.00304794
0.00385594
0.000352859
0.000349998
0.000902891
0.00128412
0.00172114
0.00232005
0.00278902
0.00340915
0.00109792
0.00108099
0.00114918
0.00174904
0.00230598
0.0023551
0.00297093
0.00354314
0.00103188
0.00161695
0.00226212
0.0021739
0.00225496
0.00217581
0.00275302
0.00336003
0.00232291
0.00223804
0.00166488
0.00226092
0.00246382
0.00183892
0.00289917
0.00290418
0.000283957
0.000447989
0.000921011
0.00154495
0.00150418
0.00217915
0.002738
0.00336289
0.00029397
0.000452042
0.00103593
0.00156498
0.00209212
0.00264812
0.00330591
0.00383902
0.00224304
0.0022161
0.00111318
0.00159907
0.00217104
0.00213003
0.00273108
0.00321794
0.00218105
0.0015831
0.00221014
0.00227189
0.00232506
0.0022831
0.002774
0.0033958
0.00223899
0.00226092
0.00160694
0.00222182
0.00221491
0.00221801
0.00260901
0.0031929
0.000280142
0.00044179
0.000926018
0.00155997
0.00208807
0.00275421
0.00337195
0.00389099
0.00029707
0.00043416
0.000923872
0.00147986
0.00192308
0.00255919
0.00323915
0.00371194
0.00103283
0.00104499
0.00111794
0.00170183
0.0022161
0.00225902
0.0028441
0.00336099
0.00159001
0.00174999
0.00223494
0.00227785
0.00213408
0.00211
0.00268912
0.00317597
0.00223303
0.00214291
0.00204301
0.00206995
0.00206995
0.00206804
0.00257492
0.00311399
0.000303984
0.000486851
0.000904799
0.00152707
0.00208807
0.00275183
0.00327015
0.00379014
0.000282049
0.000430107
0.000906944
0.00155091
0.00212407
0.00261188
0.00324798
0.00377011
0.000504971
0.00104308
0.000947952
0.00154114
0.00215602
0.00226307
0.002913
0.00343108
0.00170994
0.00160694
0.00226712
0.00232506
0.00229192
0.00234103
0.00288606
0.00347495
0.0023632
0.00294995
0.00305104
0.00313401
0.00297213
0.00242281
0.00302696
0.0036118
0.000319958
0.000494957
0.00089097
0.00154996
0.0021801
0.00268412
0.0032289
0.00396419
0.000243902
0.000457048
0.000814915
0.00127292
0.00175309
0.00229096
0.00272799
0.00319791
0.000356913
0.000795841
0.000874043
0.00132608
0.00185394
0.00193405
0.00243497
0.00294089
0.00183606
0.00133801
0.00183392
0.00176716
0.00173497
0.0017519
0.00220895
0.00262594
0.00183606
0.00191808
0.00189495
0.00200486
0.00189686
0.00182104
0.00227094
0.00289202
0.000290871
0.000545979
0.00107098
0.00154996
0.00195384
0.00242496
0.00292611
0.003546
0.000342846
0.000553131
0.000962019
0.00148892
0.0019629
0.0024128
0.00288391
0.00338984
0.00186205
0.00087595
0.000864983
0.00137591
0.00187087
0.00187397
0.00237203
0.00281811
0.0012958
0.00127506
0.00178409
0.0018189
0.00187898
0.00179791
0.00236583
0.00287414
0.00188398
0.00180101
0.00181508
0.00137997
0.00184608
0.00188398
0.00242996
0.00294089
0.00029707
0.000455141
0.000751019
0.001261
0.00181699
0.00236011
0.0028019
0.00338197
0.000322819
0.000595808
0.00100899
0.00141501
0.0019021
0.00237298
0.00301003
0.00351214
0.000869036
0.000874043
0.00136304
0.00194597
0.00198698
0.00200415
0.0024848
0.00291419
0.00131702
0.00177097
0.00186491
0.00197911
0.0019381
0.00187206
0.00229287
0.00275493
0.00179505
0.0017519
0.00187182
0.00199199
0.00205183
0.00205994
0.00255299
0.00299621
0.000325918
0.000479937
0.000870943
0.00126791
0.00194383
0.00240111
0.00287199
0.00330496
0.000299931
0.000472069
0.000917912
0.00140595
0.00195694
0.00243902
0.00298095
0.00351405
0.000360012
0.000808954
0.000920057
0.00152993
0.00199294
0.00208402
0.00266218
0.00321484
0.00146604
0.00207686
0.00216579
0.0016129
0.00204706
0.00205517
0.00259686
0.003016
0.00198603
0.00192595
0.00199294
0.00215197
0.0022018
0.00204206
0.00259304
0.00315619
0.000319004
0.000476837
0.000918865
0.00141311
0.00206685
0.00259995
0.00321507
0.00370502
0.000267029
0.000466108
0.000883818
0.00145197
0.00207901
0.00261211
0.0030911
0.00370884
0.00104403
0.000954866
0.000946999
0.00147796
0.00204682
0.00216079
0.00265002
0.00339508
0.00173306
0.00180483
0.00237703
0.00222301
0.00217295
0.00214696
0.00271297
0.00323296
0.00219989
0.00223303
0.00222301
0.00218892
0.00213313
0.00201082
0.00264001
0.00315881
0.00030899
0.00047493
0.000921965
0.00143909
0.00211
0.00262499
0.00317812
0.00379491
0.000286102
0.000435114
0.000897884
0.00139189
0.00191808
0.00250101
0.00303912
0.00365901
0.000426054
0.00101614
0.000962973
0.00165296
0.00224805
0.00235009
0.00290394
0.00352693
0.00237489
0.00190806
0.00241804
0.00159311
0.00215888
0.00222397
0.00267506
0.00326014
0.00226188
0.00215793
0.00218201
0.00231481
0.00221801
0.00179791
0.00227904
0.00281096
0.00033617
0.000544071
0.000940084
0.00153208
0.00198889
0.00255895
0.0030942
0.0036149
0.000298023
0.000401974
0.000918865
0.00148201
0.00204492
0.00260496
0.00314403
0.00378394
0.00214195
0.00241804
0.00244999
0.00185084
0.00247002
0.00224781
0.00286293
0.00342298
0.00216103
0.00221801
0.00207591
0.00147915
0.00206995
0.00223994
0.00280309
0.00341487
0.00236106
0.00215101
0.00219989
0.00157785
0.00219703
0.00220299
0.00280905
0.00340891
0.000251055
0.000426054
0.000838041
0.00134897
0.00188494
0.00241995
0.003088
0.00383615
0.000339985
0.000458956
0.00093317
0.00152302
0.00204396
0.00268602
0.00320101
0.00381303
0.00223994
0.000984907
0.00103092
0.00164986
0.00228405
0.00228691
0.00280809
0.00342107
0.0016191
0.00153518
0.00218391
0.0022099
0.00212908
0.00111413
0.00176501
0.002316
0.00242019
0.00228691
0.00216794
0.00232911
0.00231409
0.00227499
0.00288701
0.00354981
0.000292063
0.000478983
0.000861168
0.00140381
0.00191498
0.00250387
0.0030992
0.00378513
0.000350952
0.000566959
0.0010128
0.00161695
0.00211906
0.00272799
0.00331903
0.00393987
0.001122
0.00113988
0.00110221
0.00169897
0.00244308
0.00182414
0.00243592
0.00298882
0.000561953
0.00122499
0.00185108
0.00164008
0.00156784
0.00223899
0.00281596
0.00331712
0.00223708
0.00221109
0.00218892
0.00215602
0.00223303
0.00229311
0.00288415
0.00338316
0.000286818
0.000451088
0.000929117
0.00158
0.00211716
0.00274611
0.00336313
0.00396585
0.000294924
0.0004251
0.000943899
0.00146508
0.00199509
0.00259805
0.00317502
0.00379992
0.00102806
0.00160098
0.00165105
0.00232697
0.00236821
0.00229788
0.002846
0.00339389
0.00193501
0.00188994
0.00180912
0.0013051
0.00184393
0.00200605
0.00251293
0.00305104
0.00210595
0.00148487
0.002002
0.00191307
0.00190115
0.00186706
0.00220895
0.002707
0.000290871
0.000482082
0.00090909
0.00152922
0.00203609
0.00242782
0.00291896
0.00337005
0.000323057
0.000468969
0.000787973
0.00138307
0.00184798
0.002388
0.00287509
0.00329304
0.0008111
0.000874996
0.000972986
0.00139618
0.00187206
0.00191092
0.00241613
0.00288892
0.000869036
0.00135803
0.00183702
0.00182605
0.001863
0.00187397
0.00237989
0.00292706
0.00200105
0.00191283
0.00187898
0.00184107
0.00185895
0.00191879
0.0024159
0.00293994
0.000280142
0.000433207
0.000849009
0.00133109
0.00170708
0.00223804
0.00260401
0.00316405
0.000334024
0.000495911
0.000862837
0.00131297
0.001827
0.00222111
0.00273108
0.00316787
0.000785112
0.000934124
0.000864983
0.00134301
0.00189304
0.00192308
0.00240588
0.00298095
0.00103211
0.00148487
0.00197005
0.00194597
0.00180006
0.00175405
0.002249
0.00276399
0.00188494
0.00192904
0.00196099
0.00142407
0.00193
0.00187182
0.00239515
0.00287914
0.000337124
0.000504971
0.000893831
0.00126195
0.00181198
0.0023241
0.00279903
0.0032711
0.000320911
0.000470877
0.000920057
0.00134897
0.001791
0.00229883
0.0027349
0.00324512
0.00130296
0.00145292
0.00194716
0.00147104
0.00209498
0.0022099
0.00277996
0.00335407
0.00212789
0.00131607
0.00197291
0.00259995
0.00264001
0.00274992
0.00335121
0.00389099
0.00215602
0.00217009
0.00209498
0.0014801
0.00209904
0.00214601
0.00257492
0.00307298
0.000282049
0.000408173
0.000871897
0.00145912
0.00201392
0.00254416
0.00317287
0.00360298
0.000390053
0.000536919
0.00100303
0.00162697
0.00223684
0.00293112
0.00348592
0.00403786
0.00169301
0.00161099
0.00159502
0.00215697
0.00207806
0.00211406
0.00279498
0.00338507
0.00224185
0.00230312
0.00216794
0.00219798
0.00226402
0.00234485
0.00285792
0.00347495
0.00222087
0.00208402
0.00226998
0.00163817
0.00220799
0.00244999
0.00301504
0.00362611
0.00029397
0.000479937
0.000910044
0.00152493
0.00204802
0.00269604
0.00322819
0.00376987
0.00030303
0.000495911
0.000899076
0.001472
0.00208688
0.00274205
0.00330901
0.004004
0.00178909
0.00177217
0.00166082
0.00232506
0.00225902
0.002249
0.00287795
0.00338221
0.00171804
0.00250101
0.00236797
0.00177598
0.00244284
0.0023191
0.0028832
0.00350308
0.00232792
0.002285
0.00235605
0.00222206
0.00221896
0.00216699
0.00273895
0.00327492
0.00028801
0.000457048
0.000908852
0.00148821
0.00199795
0.00253797
0.00304413
0.00361705
0.000377893
0.000559092
0.000926971
0.00138617
0.00188613
0.00251913
0.00314999
0.00374889
0.00225496
0.00222111
0.00103402
0.00161695
0.00219011
0.0022428
0.00281096
0.00327396
0.00200105
0.00208592
0.00207019
0.00219798
0.00216103
0.00214791
0.00271797
0.00320792
0.0020709
0.00205612
0.00200605
0.002074
0.00211596
0.00212407
0.00267792
0.003227
0.000331879
0.000501871
0.000959873
0.00155592
0.00206685
0.00265312
0.00314307
0.00370908
0.000307083
0.000461102
0.000854969
0.00137615
0.00181389
0.00240397
0.00302196
0.00359178
0.000981092
0.000962019
0.00107002
0.00162816
0.00217509
0.00219107
0.00257111
0.003088
0.000920057
0.00146294
0.0020299
0.00205421
0.00205708
0.00201106
0.00259399
0.00319004
0.00215507
0.00219011
0.00215816
0.00207686
0.00194407
0.00190306
0.00247192
0.00311017
0.000333071
0.000543118
0.000982046
0.00152421
0.00210094
0.00269699
0.0032289
0.00366998
0.000305891
0.000458002
0.000946045
0.0015769
0.002105
0.00265884
0.0032289
0.00379896
0.00157404
0.00154305
0.000869036
0.00142384
0.00203586
0.00203204
0.0025351
0.00310898
0.00151706
0.00195503
0.00202203
0.0020318
0.00145721
0.0015831
0.00212502
0.00261497
0.00149298
0.00205112
0.00205421
0.00145888
0.00202489
0.00210595
0.00268793
0.00317407
0.000262022
0.000433922
0.000851154
0.00153804
0.00204206
0.00271297
0.00313807
0.00376415
0.000293016
0.000478983
0.000956059
0.00160098
0.0021441
0.0027101
0.00328994
0.00374007
0.000978947
0.000938892
0.00107288
0.00168896
0.00231194
0.00239182
0.00292587
0.00355101
0.00208402
0.00225091
0.00218701
0.00221205
0.00216699
0.0021069
0.00270009
0.00331903
0.00206304
0.00208616
0.00192499
0.00173402
0.00171113
0.00173497
0.00222015
0.0027101
0.000305891
0.000505924
0.000863075
0.00133991
0.00187588
0.00230002
0.00281501
0.003232
0.000307083
0.000473976
0.000830889
0.00127411
0.0017159
0.00217104
0.00264812
0.00308394
0.000711918
0.000859976
0.000862122
0.00138497
0.00184393
0.00181198
0.0022769
0.00268793
0.001755
0.00173807
0.00171709
0.00183082
0.00174904
0.00174499
0.00223088
0.002671
0.00176096
0.00178099
0.00176096
0.001297
0.00180721
0.00176501
0.00219512
0.002666
0.000303984
0.000488043
0.000864983
0.00125194
0.00171185
0.00216389
0.00262189
0.00302911
0.000349045
0.000452995
0.000856876
0.00132799
0.00181103
0.00228596
0.00276709
0.00324488
0.00119996
0.000763893
0.00124002
0.00122905
0.00169492
0.00172782
0.00223899
0.00268888
0.00184894
0.00177097
0.00177407
0.0018158
0.00182295
0.00194478
0.00238609
0.00285888
0.00178719
0.00172591
0.0018599
0.00142694
0.00190401
0.00189209
0.00237608
0.00279498
0.000379801
0.000622988
0.00104213
0.001544
0.0019381
0.00236797
0.00287509
0.00345898
0.000313044
0.000503063
0.000828981
0.00129294
0.00177813
0.00228405
0.00276804
0.00329304
0.00139403
0.000849962
0.000787973
0.00127411
0.00173593
0.00173497
0.002244
0.00279713
0.00147891
0.00144696
0.00195312
0.00187302
0.00185919
0.00190616
0.00244904
0.00294495
0.00212502
0.00213909
0.0021348
0.00148606
0.00203395
0.002033
0.00253391
0.00307393
0.00180912
0.00188899
0.00242615
0.00306702
0.00363588
0.00359297
0.00420189
0.00485921
0.000306845
0.000442028
0.000874043
0.00145006
0.00197506
0.00253701
0.00309396
0.00359201
0.00157809
0.00154495
0.00104189
0.00151205
0.00208187
0.00202799
0.00258803
0.00304699
0.001508
0.00208807
0.00205016
0.00233793
0.00221395
0.00240493
0.00295591
0.00352693
0.0022099
0.00198913
0.00202799
0.00207591
0.00191689
0.00205708
0.0026598
0.00318909
0.000283957
0.000453949
0.000858068
0.00130391
0.00188994
0.00253201
0.0030551
0.00360394
0.000274897
0.00041008
0.000879049
0.00138617
0.00199008
0.00260091
0.00312686
0.00365901
0.00224304
0.001647
0.00218987
0.0015161
0.00206518
0.00209689
0.00267816
0.00335813
0.00219297
0.00156498
0.00215292
0.00205898
0.00209713
0.0022459
0.00283289
0.00332713
0.00218987
0.00213718
0.00211096
0.00223303
0.00221682
0.00225687
0.00281811
0.00329804
0.00032115
0.000407934
0.000962973
0.00149298
0.00205112
0.00255108
0.00310802
0.00372505
0.00029397
0.000425816
0.00090909
0.00140595
0.00199699
0.00266004
0.00317216
0.00374913
0.000349998
0.000999928
0.00116301
0.00169706
0.00221801
0.00229383
0.002882
0.00347185
0.00100207
0.00155711
0.00216198
0.00231194
0.00225496
0.00236678
0.00286293
0.00340796
0.00207901
0.00204396
0.00201392
0.00208092
0.00209618
0.00208688
0.002635
0.00318098
0.00029707
0.000401974
0.000919819
0.00144696
0.0020051
0.00255394
0.00315499
0.003721
0.000304937
0.000454903
0.000920057
0.00144196
0.00196195
0.00249314
0.00297403
0.00355506
0.00152183
0.00162721
0.00149393
0.00145698
0.00200891
0.00205112
0.00313497
0.00370598
0.00272489
0.00145888
0.00190806
0.00203991
0.00196099
0.00192595
0.00237584
0.00295782
0.00198603
0.00211811
0.00208306
0.0020802
0.00209284
0.002069
0.00267506
0.00311995
0.000380039
0.000533104
0.000990152
0.00156784
0.00223613
0.00283194
0.00327706
0.0038321
0.000299931
0.000381947
0.000961065
0.00145888
0.0020299
0.00255108
0.00323892
0.00377798
0.000993013
0.00106502
0.00118184
0.00171995
0.00225997
0.00224805
0.00306892
0.00359893
0.00237083
0.002352
0.00212502
0.00214791
0.00214601
0.00225687
0.00225711
0.0030551
0.00180292
0.00175095
0.001508
0.00213099
0.00205398
0.00208211
0.00275612
0.00329304
0.000324011
0.000469208
0.000960112
0.00153112
0.00211716
0.00272322
0.00328493
0.00377798
0.000303984
0.000435114
0.000963926
0.00147486
0.00213194
0.00263095
0.00320196
0.00380301
0.00115108
0.00100708
0.001019
0.0016458
0.00222707
0.00227618
0.0027678
0.00338697
0.00219393
0.00203609
0.00215411
0.00215006
0.00211501
0.00212908
0.00276685
0.00339699
0.00223303
0.00234079
0.00230408
0.00230408
0.00167799
0.00184584
0.00243211
0.00243711
0.000282049
0.000446081
0.000941992
0.00165582
0.00212908
0.00260592
0.00294399
0.0035789
0.000335932
0.000477076
0.000882864
0.00139999
0.00197315
0.00236797
0.002877
0.00338602
0.000950813
0.00108194
0.000957012
0.00137591
0.00184488
0.00178099
0.00225496
0.00274086
0.000927925
0.00139689
0.00192904
0.00197005
0.00202489
0.00205803
0.00205612
0.00260115
0.00150204
0.00139213
0.00131989
0.00119996
0.00174713
0.00185704
0.00240207
0.002841
0.000272989
0.000455856
0.000829935
0.00126195
0.00180411
0.00234103
0.00286198
0.00329494
0.000257015
0.000379801
0.000747919
0.00132203
0.00184298
0.00240517
0.00295806
0.00345302
0.00104499
0.00149488
0.000779867
0.00124216
0.00171089
0.00178909
0.00221491
0.00267601
0.00177908
0.00181198
0.00181794
0.00192189
0.00185394
0.00191808
0.00243211
0.00288081
0.00177813
0.00176597
0.00175309
0.00172997
0.00173688
0.00173497
0.00222301
0.002671
0.000258923
0.000447035
0.00079298
0.00129485
0.00175714
0.00221491
0.00271606
0.00306988
0.000280857
0.000427961
0.000766993
0.00122118
0.00175714
0.00229287
0.00278902
0.00338721
0.00145817
0.00191784
0.000782013
0.00119996
0.00163507
0.0017159
0.00215006
0.00261497
0.00187802
0.001441
0.00188303
0.00194907
0.00190401
0.00200987
0.002491
0.00296593
0.00198293
0.0019021
0.00181699
0.00190306
0.00173998
0.00179911
0.00222802
0.00271606
0.000332832
0.00048995
0.000991106
0.00145507
0.00195885
0.00241899
0.00311208
0.00367093
0.000287056
0.000405073
0.000845909
0.00144005
0.00203204
0.00259089
0.00331116
0.00382185
0.000944853
0.00100994
0.000952959
0.00153804
0.00212407
0.00205898
0.00258183
0.00309587
0.00213695
0.00214696
0.00220704
0.00221395
0.00216508
0.00221086
0.00276589
0.00332808
0.0021131
0.00203395
0.00198507
0.00199008
0.00196695
0.00215816
0.00216699
0.00281
0.000332117
0.000495911
0.000920057
0.001405
0.00209594
0.00273299
0.00324011
0.00379705
0.000351906
0.000472784
0.000861168
0.00154281
0.00201011
0.00257707
0.00314403
0.00321007
0.000309944
0.000479937
0.000496864
0.00134611
0.00153208
0.00215602
0.00270414
0.00324011
0.00149488
0.00100088
0.00157499
0.00212502
0.00201607
0.00204921
0.00259495
0.0032289
0.00150704
0.00210404
0.0020721
0.00215006
0.00174499
0.00227094
0.00227404
0.00324512
0.000324011
0.000491858
0.000957012
0.00151396
0.0021379
0.00248694
0.0031631
0.00369191
0.000324011
0.000479937
0.00107408
0.001652
0.00220394
0.0028069
0.00339413
0.00398088
0.00227308
0.001158
0.000993013
0.00169587
0.00232601
0.00218296
0.00278401
0.00338101
0.00106215
0.0015769
0.00212598
0.00160193
0.00160193
0.00216007
0.00216413
0.00287914
0.00157905
0.0016439
0.00103903
0.00159407
0.00160122
0.00149012
0.00202513
0.00254083
0.000366926
0.000596046
0.00113106
0.00178289
0.00236583
0.00277781
0.00341702
0.00399804
0.000300884
0.000463009
0.000839949
0.00138617
0.00190997
0.00242805
0.00292301
0.00350499
0.000989914
0.00103617
0.00159001
0.00219393
0.0021379
0.00217295
0.00220418
0.00274611
0.000923157
0.00148201
0.00158
0.00110984
0.00167394
0.0016551
0.00219798
0.00270486
0.00150895
0.00206304
0.00155997
0.00159502
0.00153804
0.0015502
0.00152493
0.00206089
0.000336885
0.000560999
0.00104213
0.00156593
0.00218391
0.00268579
0.00328302
0.00376296
