0.000357866
0.000577211
0.000367165
0.00040102
0.000396013
0.000401974
0.000411987
0.000385046
0.000384092
0.000423908
0.000378847
0.000361204
0.000372887
0.000388861
0.000351906
0.000373125
0.000372887
0.00039196
0.000386953
0.000403881
0.000374794
0.000396013
0.000349045
0.000371933
0.000380039
0.000354052
0.000379086
0.000344992
0.000386
0.000403166
0.000347853
0.000359058
0.000388145
0.000367165
0.000394106
0.000417948
0.000359058
0.000372171
0.000420094
0.000402212
0.000368834
0.000360012
0.000363111
0.000365973
0.00037694
0.000357151
0.000347853
0.000372887
0.000391006
0.000389814
0.000355005
0.000365973
0.000374079
0.000368118
0.000347137
0.000390053
0.000383854
0.00039196
0.000380039
0.000355959
0.000360012
0.000398159
0.000350952
0.000370026
0.000345945
0.000381947
0.000362873
0.000414133
0.000349998
0.000380039
0.000368834
0.00037694
0.000356913
0.0003829
0.00037694
0.000371933
0.000360012
0.000387192
0.000361919
0.000363111
0.000387907
0.000402927
0.000347137
0.000369072
0.000380039
0.000389099
0.000356913
0.000365973
0.000344992
0.000408888
0.00037694
0.000388145
0.000333071
0.000367165
0.000335932
0.000389814
0.000350952
0.000375986
0.000346899
0.000360012
0.000380993
0.000410795
0.000357151
0.00040102
0.000344992
0.000345945
0.000357866
0.000329971
0.000347853
0.000385046
0.000362873
0.000372887
0.000342131
0.000337839
0.000370979
0.000374079
0.000408173
0.000433922
0.000387192
0.000398874
0.000357151
0.000391006
0.0003829
0.000386
0.000348091
0.000353813
0.000370979
0.000375986
0.000348806
0.000377893
0.000365019
0.00039196
0.000373125
0.000368834
0.000373125
0.000377178
0.000401974
0.000360966
0.000361919
0.00045681
0.000360966
0.000360012
0.000365973
0.000372887
0.000353098
0.000339031
0.000360012
0.000361919
0.000353813
0.000379086
0.000370026
0.000411987
0.000360012
0.000379086
0.000361919
0.000365019
0.000355959
0.000360012
0.000351906
0.000371933
0.000417948
0.000414848
0.000359058
0.000389099
0.000369787
0.000381947
0.000366926
0.000374079
0.000361919
0.000373125
0.000349998
0.000372887
0.000345945
0.000358105
0.000384092
0.000344992
0.000372887
0.000380039
0.000344038
0.000408888
0.000364065
0.000399113
0.000360012
0.000373125
0.000346184
0.000386
0.000347853
0.000355005
0.000423908
0.000454187
0.000400066
0.00041008
0.000344038
0.000381947
0.000354052
0.000355959
0.000339985
0.000391006
0.000380993
0.000396967
0.000360966
0.000406027
0.000348091
0.000377893
0.000349998
0.000335932
0.000354052
0.000384092
0.000368834
0.000419855
0.000408888
0.000393152
0.000391006
0.000390053
0.000349998
0.000386
0.000386
0.00037694
0.000344038
0.000361919
0.000361919
0.000354052
0.000344992
0.00039196
0.000341892
0.000347137
0.000346899
0.000404835
0.000379086
0.000386
0.000396967
0.000403881
0.000353098
0.000390053
0.000351906
0.000352859
0.000382185
0.000360012
0.000396967
0.000408173
0.000352859
0.000378132
0.000347853
0.000351906
0.000361919
0.000365973
0.000385046
0.000383139
0.00036788
0.000375032
0.00037694
0.000404119
0.000352859
0.000359058
0.000377893
0.000375986
0.000383139
0.000416994
0.000392914
0.000416994
0.000370979
0.000377893
0.000346899
0.000385046
0.000329018
0.000386
0.000397921
0.000347853
0.000392199
0.000405073
0.000349045
0.000387907
0.000346899
0.000396013
0.000344992
0.000351906
0.000357151
0.000337124
0.000388145
0.000404119
0.000363111
0.000370026
0.000388861
0.000396967
0.000364065
0.000369072
0.000365973
0.000374079
0.000360966
0.000370979
0.000338078
0.000390053
0.000347137
0.000364065
0.000568151
0.00352216
0.00146508
0.00155592
0.000400066
0.00039506
0.000365019
0.000370979
0.000380993
0.000436068
0.000361919
0.000466108
0.000369072
0.000396013
0.000379801
0.000412226
0.000374079
0.000360966
0.000370026
0.000348091
0.000360012
0.000387907
0.000358105
0.000396967
0.000356913
0.000360966
0.000344992
0.000380039
0.000392914
0.000390053
0.000335932
0.000339031
0.000345945
0.000339985
0.000357866
0.000364065
0.000384092
0.000416994
0.000339031
0.000343084
0.000342131
0.000343084
0.000348091
0.00039506
0.000339985
0.000404119
0.00037694
0.000405073
0.000345945
0.000355005
0.000335932
0.000344038
0.000342846
0.000370979
0.000349998
0.000360012
0.000355959
0.000404119
0.000368834
0.00033617
0.000375986
0.000375986
0.000375986
0.000352144
0.000383854
0.000406981
0.000379086
0.000373125
0.000391006
0.000404119
0.000344992
0.000355959
0.000339985
0.000339985
0.000336885
0.000401974
0.000363827
0.000381947
0.00039506
0.000371933
0.000339985
0.000357866
0.000350952
0.000369072
0.000341892
0.000355005
0.000339985
0.000360012
0.000360012
0.000396967
0.000344992
0.000350952
0.000357151
0.000366926
0.000377893
0.000405788
0.000352859
0.000401974
0.000349998
0.000360012
0.000349998
0.0004251
0.000345945
0.000364065
0.000347137
0.000349045
0.000346899
0.000370979
0.000366926
0.000397921
0.000362158
0.00039196
0.000401974
0.000368118
0.000378132
0.000391006
0.000347853
0.000393867
0.000360012
0.000365973
0.000340939
0.0004282
0.000353813
0.000389099
0.000355959
0.000512123
0.000375986
0.000397921
0.000372171
0.000385046
0.000374079
0.000400066
0.000349045
0.000357151
0.000351191
0.000375032
0.000381947
0.000381947
0.000387907
0.000397921
0.000386953
0.000340939
0.000372887
0.000355959
0.000344038
0.000399113
0.000369787
0.000371933
0.000405073
0.000380039
0.000352859
0.000366926
0.000360966
0.000370026
0.000355005
0.000360012
0.00033617
0.000365973
0.000359058
0.000392914
0.000344992
0.000372887
0.000342131
0.000390053
0.000365973
0.000335932
0.000350952
0.000432014
0.000345945
0.000370979
0.000340939
0.000401974
0.000349045
0.000370979
0.000358105
0.000393867
0.000361204
0.000348091
0.000363111
0.000349045
0.000351191
0.000393152
0.00039196
0.000337839
0.000377893
0.000379801
0.000381947
0.000407934
0.000384092
0.000398874
0.000369072
0.000370026
0.000351906
0.000391006
0.000328064
0.000345945
0.000343084
0.000422001
0.000370979
0.000346184
0.000353098
0.000390053
0.000353098
0.00039506
0.000344038
0.000360012
0.000375986
0.00039506
0.000355005
0.00037694
0.000351906
0.000370979
0.00035882
0.000390053
0.000346184
0.000380039
0.000369072
0.000391006
0.000379086
0.000401974
0.000364065
0.000370979
0.000378847
0.000395775
0.000371933
0.000393867
0.000334024
0.000399113
0.000345945
0.000384808
0.00039506
0.000361919
0.000380993
0.000386953
0.000404835
0.000413895
0.000386
0.000383139
0.000365973
0.000383139
0.000391006
0.000363111
0.00036788
0.000370026
0.000365973
0.000365019
0.000366926
0.000386
0.000386
0.000329018
0.000356913
0.000380993
0.000381947
0.000401974
0.000355959
0.000402212
0.000386953
0.000380993
0.000394106
0.000342846
0.000377893
0.000386953
0.000355005
0.000368118
0.000406981
0.000430822
0.000345945
0.00036478
0.000406027
0.000396013
0.000347853
0.000365973
0.000375986
0.000405073
0.000365019
0.000389099
0.000345945
0.000367165
0.000374079
0.000396013
0.000384092
0.000334024
0.000373125
0.000344992
0.000337839
0.00035882
0.000356913
0.00037384
0.000379801
0.000393152
0.000334978
0.000374079
0.000355005
0.000391006
0.000360966
0.000381947
0.000365973
0.000374079
0.000352144
0.000370979
0.000360966
0.000363111
0.000352144
0.000370026
0.000355005
0.000415087
0.000370026
0.000384092
0.000349045
0.000347137
0.000364065
0.000370026
0.000372171
0.000398874
0.000328064
0.000407934
0.000348091
0.000377893
0.000338078
0.000348091
0.000375032
0.000396013
0.00039196
0.000347853
0.000351906
0.000384092
0.000359058
0.0004251
0.000342846
0.000364065
0.000401974
0.000383139
0.00036788
0.00037694
0.000362873
0.000431061
0.000340223
0.000390053
0.000344038
0.000349045
0.000341177
0.000360012
0.000372887
0.0003829
0.000355005
0.00037384
0.000355959
0.000386953
0.000372171
0.000420809
0.000363111
0.000347137
0.000365019
0.000393867
0.000349045
0.000374079
0.000379086
0.00040102
0.000355005
0.000401974
0.000352859
0.000346899
0.000370026
0.000375032
0.000339985
0.000371933
0.000380039
0.000396013
0.000338078
0.000372887
0.000351906
0.000352859
0.000347137
0.000368118
0.000339031
0.00040102
0.000335932
0.000356913
0.000369072
0.000377178
0.000393152
0.000416994
0.00036788
0.000355005
0.000361919
0.00037384
0.000373125
0.000403881
0.000397921
0.000368834
0.000355005
0.000384092
0.000332117
0.000369072
0.000344992
0.000343084
0.00033617
0.000359058
0.000363111
0.000385046
0.000384092
0.000396967
0.000349045
0.000371933
0.000357866
0.000390053
0.000355005
0.00039196
0.000335932
0.000363827
0.000370026
0.000356913
0.000392914
0.000355959
0.000339031
0.000369072
0.000363827
0.000386
0.000348091
0.000370026
0.000340939
0.000349998
0.000415087
0.000361919
0.000375986
0.000418901
0.000339985
0.000360012
0.000393152
0.000346899
0.000338078
0.000357866
0.000368118
0.000399113
0.000355005
0.000369072
0.000361919
0.000388145
0.000365973
0.000377893
0.000378132
0.000396013
0.000357866
0.000388145
0.000369787
0.000380993
0.000362873
0.000394106
0.000344992
0.000360966
0.000344038
0.000375032
0.000375986
0.000391006
0.000404119
0.000406981
0.000356913
0.000392914
0.000336885
0.00039196
0.000356913
0.000406981
0.000359058
0.000384092
0.000374079
0.000396013
0.000355959
0.000361919
0.000372887
0.000397921
0.000405073
0.000363111
0.000335932
0.0003829
0.00036788
0.000381947
0.000400066
0.000399113
0.000361919
0.000346899
0.000344992
0.000374079
0.000340939
0.00037694
0.000361919
0.00036788
0.000381947
0.000390053
0.000350952
0.000360012
0.000344038
0.000389099
0.000359058
0.000335932
0.000362158
0.000415087
0.000344992
0.00036788
0.000335932
0.000345945
0.000341177
0.000351906
0.000344992
0.00039196
0.000373125
0.000406027
0.000364065
0.000379086
0.000348091
0.000358105
0.000352144
0.000355005
0.000370026
0.00039196
0.000342846
0.000356197
0.000398874
0.00040102
0.000384092
0.000379086
0.000355959
0.000397921
0.000447989
0.000372887
0.000374079
0.000386
0.000377893
0.000355005
0.000360966
0.000396013
0.000352144
0.000357151
0.000380039
0.000342846
0.000390053
0.000422001
0.000365973
0.00035882
0.000356913
0.000344038
0.00036788
0.000375986
0.000373125
0.000374794
0.000379086
0.000427008
0.000360012
0.000458956
0.000377178
0.000358105
0.000378847
0.00037694
0.000360966
0.000397921
0.000360966
0.000383854
0.000347137
0.000346899
0.00036788
0.000386953
0.000386953
0.000398874
0.000360012
0.000360966
0.000361204
0.000357866
0.000353098
0.000376225
0.000358105
0.000362873
0.000360012
0.000352144
0.000373125
0.000377893
0.000391006
0.000403166
0.000364065
0.000361204
0.000337124
0.000360966
0.000349998
0.000386
0.000354052
0.000362873
0.000365019
0.000383139
0.000346899
0.000387907
0.000364065
0.000386
0.000358105
0.000370026
0.000370979
0.000389099
0.000349998
0.00037384
0.000370979
0.000385046
0.000343084
0.000388145
0.000343084
0.000344992
0.000356913
0.000351906
0.000406027
0.000415087
0.000347137
0.000373125
0.000353098
0.000339031
0.000336885
0.0003829
0.000332117
0.000370026
0.000334978
0.000375032
0.000360966
0.000392914
0.000369072
0.000392914
0.000360012
0.000377893
0.000359058
0.000370026
0.000355959
0.000368118
0.000363111
0.000391006
0.000375986
0.000385046
0.000350952
0.000380993
0.00041604
0.000371933
0.000361204
0.000371933
0.000345945
0.000370026
0.000350952
0.000364065
0.000358105
0.000365973
0.000365973
0.00041008
0.000339985
0.000361919
0.000386953
0.000418901
0.000377893
0.000390768
0.000597954
0.000629902
0.000355005
0.000396013
0.000365973
0.000365973
0.000369072
0.000398874
0.000351906
0.000355959
0.000355005
0.00037694
0.000348091
0.000344992
0.000348091
0.000363111
0.000355005
0.00035882
0.00036788
0.000405788
0.000370979
0.000339031
0.000341177
0.000350952
0.000391006
0.000426054
0.000346899
0.000387192
0.000362873
0.00040102
0.000360966
0.000360966
0.000341892
0.000400782
0.000342846
0.000352144
0.000342846
0.000360966
0.000348091
0.000360966
0.000334978
0.000409842
0.000374079
0.000362158
0.000361919
0.000384092
0.000348806
0.000377178
0.000392199
0.000361204
0.000334978
0.000353813
0.000347137
0.000351906
0.000392914
0.000415087
