0.00286603
0.00392008
0.00414896
0.00469494
0.00522184
0.00574398
0.00577807
0.00670195
0.000375032
0.000874043
0.00137901
0.00138712
0.00145793
0.00155306
0.00206113
0.00250578
0.00133491
0.00182891
0.0018959
0.0013659
0.00190306
0.00192285
0.00243783
0.00293493
0.00191379
0.00129986
0.00178695
0.00138092
0.00183892
0.00192094
0.00242209
0.00292015
0.000257969
0.00037694
0.00081706
0.00123382
0.00170302
0.00226498
0.0026021
0.00322199
0.000266075
0.000436068
0.000767946
0.00126386
0.00177598
0.00233006
0.00282812
0.00328517
0.000898838
0.000859976
0.00127506
0.00181794
0.00178409
0.0018971
0.00240684
0.00286508
0.00189805
0.00177789
0.00174904
0.00185108
0.00131702
0.00188708
0.00189018
0.00235891
0.00129509
0.00125408
0.00127721
0.00132394
0.00178599
0.00184894
0.0023191
0.00275707
0.000253916
0.000409842
0.000809908
0.00139999
0.00182605
0.00239897
0.00303197
0.00335002
0.000240088
0.00037694
0.000774145
0.00123906
0.00177789
0.00219202
0.00281501
0.00324392
0.00146413
0.000882864
0.00139117
0.000916004
0.00140095
0.00178218
0.00225401
0.00135899
0.00278211
0.00136518
0.00136113
0.00116992
0.00127912
0.000842094
0.000844955
0.00187087
0.00191092
0.00201893
0.00198793
0.00188589
0.00182104
0.00192213
0.00235581
0.00282478
0.000288963
0.000509977
0.00095582
0.00143909
0.00192094
0.00240898
0.00300789
0.00341916
0.00026083
0.000400782
0.000854969
0.00146794
0.00202584
0.00252509
0.00309205
0.00367498
0.00107813
0.000899076
0.000880957
0.00145602
0.00201011
0.002177
0.00275278
0.00329709
0.00210619
0.0014832
0.00206208
0.00223207
0.00216603
0.00220084
0.00281
0.00342607
0.00233316
0.00215197
0.00219488
0.00111294
0.00173497
0.00171781
0.00229692
0.00285101
0.000222921
0.000409842
0.000808001
0.00127101
0.00177097
0.00233889
0.00295997
0.00365782
0.000274897
0.000508785
0.000956774
0.00159693
0.00212216
0.00271416
0.00332785
0.00378513
0.000995874
0.00100684
0.00163388
0.00227404
0.00226212
0.00219607
0.00281
0.00339699
0.00231218
0.00221705
0.00217891
0.00156188
0.00217199
0.00214791
0.00276208
0.00335908
0.00229311
0.00166798
0.00227284
0.00220203
0.00218201
0.00219393
0.00276899
0.00333405
0.000216007
0.000379086
0.000748158
0.00123405
0.00176001
0.00243998
0.002949
0.00361204
0.000227928
0.000401974
0.000962019
0.00149488
0.00212097
0.00264001
0.00320721
0.00392699
0.00167584
0.00162005
0.00163794
0.00221896
0.00226498
0.00224304
0.00288916
0.00352407
0.00233889
0.002249
0.00221801
0.00201392
0.00205398
0.00210285
0.00269699
0.003232
0.00215983
0.00211
0.002105
0.0020659
0.00206399
0.00206304
0.00289989
0.00342512
0.000267029
0.000453949
0.000967979
0.00159097
0.00215816
0.00285721
0.00336981
0.00392699
0.000247002
0.000385046
0.000893116
0.00148606
0.00213003
0.0026679
0.00331903
0.00395799
0.000427008
0.00122881
0.00134802
0.00187516
0.002491
0.00214887
0.00287104
0.003407
0.00138497
0.00191307
0.00249696
0.00110912
0.00169396
0.00160289
0.00218797
0.00289702
0.00227499
0.00234222
0.00233102
0.00218606
0.00166488
0.000453949
0.00109792
0.00169683
0.000217199
0.000298977
0.000870943
0.00144219
0.00206304
0.00276709
0.00329399
0.00394797
0.000242949
0.000379801
0.000794888
0.00138998
0.00193882
0.00242305
0.00296807
0.00354481
0.00155091
0.000927925
0.00154185
0.00221586
0.00228596
0.00219107
0.00278521
0.003371
0.00206804
0.00231099
0.00233412
0.00223303
0.00228715
0.0023191
0.00292015
0.0035398
0.00227785
0.00219512
0.00212598
0.00145602
0.00210404
0.00211
0.00268197
0.003299
0.000280857
0.000495911
0.000968933
0.00166607
0.00222707
0.00282192
0.00340509
0.00384712
0.00031805
0.000490189
0.000931978
0.00148606
0.00207281
0.00261307
0.00313711
0.00372791
0.00113797
0.000379086
0.000898123
0.00140405
0.00197601
0.00214815
0.00277805
0.00331998
0.00114107
0.00108409
0.00164413
0.00159883
0.00103879
0.00218511
0.00222492
0.00286412
0.00170588
0.000956059
0.00222707
0.00155711
0.001055
0.00103092
0.00160122
0.00214982
0.000276089
0.000506163
0.000985861
0.00160313
0.00218296
0.0026679
0.00325394
0.00377893
0.000300884
0.000468016
0.000939131
0.00152993
0.00213385
0.00279999
0.00347304
0.00403619
0.00103807
0.00163984
0.00116897
0.00169206
0.0024209
0.00227904
0.00272202
0.00323009
0.00174403
0.000813007
0.00135207
0.00123787
0.00139308
0.00128102
0.00172496
0.00220704
0.00173688
0.00169492
0.00175095
0.00170088
0.00171208
0.00169802
0.00213194
0.00261807
0.000216007
0.000271082
0.000779867
0.0012641
0.00170898
0.00219202
0.00271201
0.00258803
0.000274897
0.000424147
0.00071311
0.0012238
0.00167322
0.00215697
0.00263715
0.00302315
0.000334024
0.000843048
0.00110102
0.00156188
0.00206685
0.00202584
0.00257301
0.00302911
0.00187802
0.00187993
0.00173712
0.00124192
0.00160408
0.00173903
0.00222611
0.00268507
0.00178981
0.0017941
0.00183702
0.00175881
0.00183606
0.00182509
0.00228596
0.0027709
0.000216961
0.000332832
0.00083518
0.00134182
0.00177598
0.00221515
0.00276494
0.00313091
0.000340223
0.000509977
0.000994921
0.00143886
0.00205302
0.00255203
0.00298882
0.00350189
0.000370979
0.000854969
0.00094986
0.00142384
0.00199485
0.00200391
0.00245905
0.00300479
0.000996113
0.00152707
0.00202918
0.00201702
0.00199103
0.00192118
0.00243711
0.00293803
0.00184822
0.00191307
0.00195408
0.00194597
0.0020051
0.001966
0.00249195
0.00293207
0.000276089
0.000498772
0.00087595
0.001369
0.00186586
0.00232911
0.00276995
0.00337505
0.000245094
0.000418901
0.00071311
0.00110602
0.00161505
0.00208592
0.00260901
0.00307107
0.000430107
0.000932932
0.000904799
0.00138211
0.00182509
0.00188994
0.00244594
0.00301909
0.00211215
0.00101495
0.0015831
0.00212789
0.00223899
0.00223613
0.00281405
0.00333595
0.00214696
0.00213218
0.002141
0.00215697
0.00215912
0.0020318
0.00260401
0.00309396
0.000198126
0.000348091
0.000788212
0.00137782
0.00194407
0.00243592
0.00290489
0.00385308
0.000316143
0.000465155
0.000905991
0.00220108
0.00272608
0.00326896
0.00381589
0.00434589
0.000910044
0.00144601
0.000965118
0.00142384
0.00192809
0.00192189
0.00188994
0.00250411
0.000887871
0.000942945
0.00142384
0.00193286
0.00209212
0.00211596
0.00260305
0.00317812
0.00210881
0.00205779
0.00208402
0.00145292
0.00208592
0.00163102
0.0021801
0.00271988
0.000236988
0.000396967
0.000852108
0.00131702
0.00184107
0.00235891
0.00297809
0.00353718
0.000244856
0.000371933
0.000776052
0.00139999
0.001858
0.00240493
0.00306892
0.00369191
0.000402927
0.000927925
0.000982046
0.00150013
0.00198793
0.0020771
0.00265694
0.00314498
0.00218105
0.00157905
0.00216889
0.002177
0.00222898
0.00218296
0.00272894
0.00332093
0.00219703
0.00217104
0.00218511
0.00215101
0.00213909
0.00215793
0.00278687
0.00337696
0.000196934
0.000362873
0.000721931
0.00124311
0.00176287
0.00229311
0.00286603
0.00348115
0.000272036
0.000437975
0.000795126
0.00132608
0.00193715
0.00257516
0.00335217
0.00387406
0.000459909
0.00109816
0.00125504
0.00191903
0.00239611
0.00238395
0.00301003
0.00367188
0.000520945
0.000464916
0.000472069
0.000625134
0.00117993
0.00108695
0.001724
0.00233912
0.00116801
0.00178909
0.00228906
0.00222492
0.002244
0.00219798
0.00275517
0.00338292
0.00031805
0.000568867
0.000931978
0.00162101
0.00222993
0.00285602
0.00335097
0.00393701
0.000265121
0.000369072
0.00092411
0.001436
0.0019331
0.00246096
0.00306416
0.00363398
0.00111389
0.00107002
0.000972986
0.00155497
0.00211406
0.00222397
0.00279188
0.00339198
0.00227904
0.001652
0.00214601
0.00220799
0.00212407
0.00216818
0.00272584
0.00335789
0.002213
0.00224996
0.00218105
0.00164294
0.00223112
0.00226998
0.00273991
0.00335908
0.000218153
0.000372887
0.00078702
0.00130987
0.0018549
0.00246882
0.00320792
0.0035882
0.000252008
0.000440121
0.000921011
0.00152206
0.00218105
0.00267601
0.00326395
0.00379992
0.00113511
0.00111485
0.00176001
0.00235009
0.00218797
0.00230908
0.00291085
0.00352502
0.00229001
0.00222397
0.00225496
0.00228691
0.00227094
0.00234103
0.00293803
0.00355697
0.0022099
0.00229311
0.00227904
0.00228906
0.00232005
0.00177908
0.00240111
0.00303817
0.000246048
0.000412941
0.000860929
0.00142503
0.00191903
0.00264597
0.0033071
0.00377202
0.000241041
0.00041008
0.000813961
0.00136185
0.00191307
0.00259399
0.00320601
0.00389886
0.000375986
0.00103092
0.00114417
0.00181198
0.00182509
0.00166202
0.00167203
0.00281596
0.00110602
0.00162101
0.00163984
0.00101495
0.0016799
0.00156689
0.00209498
0.00262594
0.00143719
0.00133395
0.00184107
0.00128508
0.00123501
0.00123096
0.00172806
0.00224304
0.000224113
0.000388145
0.000839949
0.00128007
0.00172901
0.0022788
0.00270081
0.00323892
0.000257015
0.000375986
0.00081706
0.00118303
0.0016861
0.00220418
0.00263906
0.00311804
0.000333071
0.000753164
0.000724077
0.00124002
0.00169301
0.00181794
0.00222206
0.00270581
0.00180411
0.00157809
0.00204897
0.0020349
0.00201511
0.00180101
0.00220895
0.0026381
0.00159979
0.00162601
0.00182199
0.00134587
0.001858
0.00172305
0.002141
0.00259304
0.000263929
0.000498056
0.000912905
0.00128102
0.00202608
0.002455
0.00292802
0.00328493
0.000258923
0.00041914
0.000808001
0.00127697
0.00175619
0.00234795
0.00284004
0.00331497
0.00146508
0.000946999
0.000763893
0.00127196
0.00174403
0.00177598
0.00228214
0.00273323
0.00139093
0.00133395
0.00187612
0.00184608
0.00191092
0.00195408
0.00242901
0.002985
0.001863
0.00197911
0.00199389
0.00187421
0.00189304
0.00183892
0.00227594
0.00288987
0.00028801
0.000447035
0.000864983
0.00131297
0.00179291
0.00221896
0.00282907
0.0032289
0.000247002
0.000365973
0.0008111
0.00122309
0.00167799
0.002213
0.0027442
0.00318193
0.00139213
0.00148487
0.00111413
0.0016582
0.00211406
0.001899
0.00245094
0.00291681
0.000811815
0.00127506
0.00176001
0.00186682
0.00203705
0.00213289
0.00261903
0.00318599
0.00205588
0.00211191
0.00216198
0.00228596
0.00220799
0.00219607
0.00269389
0.00320411
0.000253916
0.000422001
0.000901222
0.00146604
0.00201702
0.00245714
0.00297117
0.00349307
0.000311852
0.000433922
0.000821114
0.00134611
0.00183201
0.00239992
0.00299001
0.00352907
0.00152087
0.00162697
0.00108695
0.00159812
0.002074
0.00204396
0.00250196
0.00313401
0.00110292
0.00172091
0.00228691
0.00241899
0.00256109
0.00246787
0.00295687
0.00348997
0.002213
0.00234699
0.00233793
0.00243402
0.00223589
0.002352
0.0029211
0.00353503
0.000221014
0.000386
0.000766993
0.00153613
0.00215292
0.0027349
0.00332403
0.00387812
0.000231028
0.000326157
0.000946045
0.00151992
0.0021019
0.00281096
0.00328708
0.00388598
0.00145483
0.00203991
0.00159311
0.00222421
0.00212693
0.00218606
0.00270295
0.00325489
0.00166893
0.00239897
0.00238705
0.00242519
0.0022409
0.00219202
0.00276709
0.00345898
0.00228882
0.002316
0.00227118
0.00213194
0.00209808
0.00225186
0.00279903
0.00329709
0.000257015
0.00041604
0.000912189
0.00148702
0.0021019
0.00256014
0.00318408
0.00383902
0.000238895
0.000412941
0.000838995
0.00139403
0.00194001
0.00265098
0.00341296
0.00397611
0.00114393
0.00123
0.00105286
0.00163794
0.00104594
0.00222898
0.00167704
0.00228405
0.00106406
0.00159883
0.00160098
0.00213695
0.0015769
0.00218916
0.00274491
0.00274587
0.00152493
0.00170207
0.00170302
0.00180197
0.001091
0.00227094
0.00227809
0.00356698
0.000234127
0.00040102
0.000830889
0.00149298
0.00212502
0.00269294
0.00334311
0.00324917
0.000237942
0.000423908
0.000900984
0.00144792
0.00213289
0.00269818
0.00322604
0.00386786
0.00105715
0.00107288
0.00160599
0.00226498
0.0023191
0.00216889
0.00270605
0.00324917
0.00157809
0.002074
0.00209379
0.00144315
0.00202298
0.0021131
0.00269604
0.0032711
0.00226116
0.00148177
0.00205493
0.00156403
0.00206113
0.00212884
0.00271106
0.00328207
0.00024581
0.000406027
0.000821829
0.00141692
0.00200796
0.00247383
0.00314784
0.00374603
0.000210047
0.000342131
0.000828028
0.00140691
0.00271106
0.00331187
0.00389004
0.00449204
0.00101399
0.00102091
0.000968933
0.00152111
0.00215697
0.0022099
0.00282383
0.0034008
0.00222397
0.00158715
0.00221205
0.00226521
0.00228095
0.00227094
0.00288606
0.00347495
0.00222516
0.00223684
0.00210309
0.00208688
0.0021069
0.00207114
0.00264001
0.003232
0.000226974
0.000379086
0.000929832
0.00148702
0.00212097
0.0025301
0.00314212
0.00358605
0.000271082
0.000498056
0.000937939
0.00151896
0.00207615
0.00264096
0.0031631
0.00365806
0.000481129
0.00110316
0.00108194
0.00157905
0.00220084
0.00218606
0.00275111
0.0034411
0.00240111
0.00233793
0.0023551
0.00212288
0.00229597
0.0021112
0.00265408
0.00326991
0.00219607
0.00227404
0.00233412
0.00235581
0.00233483
0.00229597
0.00280619
0.00342894
0.000236034
0.000391006
0.000905037
0.00125694
0.00171304
0.0020771
0.00258303
0.00303984
0.000241995
0.000411987
0.000709057
0.00113797
0.00163412
0.00208712
0.00250506
0.0029881
0.00125694
0.00132108
0.00100899
0.00148082
0.00192523
0.0019381
0.00242114
0.00290608
0.000869036
0.0012722
0.00170398
0.00169301
0.00170302
0.00169086
0.0020771
0.00261903
0.001724
0.00184798
0.00188184
0.00183392
0.00175095
0.0017159
0.00211382
0.00256491
0.000211954
0.000406981
0.000725031
0.00118017
0.00155401
0.00207901
0.00252795
0.00297999
0.000216961
0.000366211
0.000751019
0.0012331
0.0017271
0.00217485
0.00264001
0.00311995
0.000892878
0.000870943
0.00133085
0.00179601
0.00173306
0.00171804
0.00212717
0.00258899
0.00173092
0.001724
0.001755
0.00178409
0.00171995
0.00177598
0.00228
0.002738
0.00181198
0.00174689
0.00173688
0.00169015
0.0016849
0.00166202
0.00208402
0.00259089
0.000298977
0.000529051
0.00104284
0.0015161
0.00197601
0.002388
0.00281191
0.00338387
0.000216007
0.000437975
0.000818014
0.00122905
0.00171208
0.0021832
0.0027101
0.00324106
0.00131607
0.00085187
0.000931978
0.00138998
0.001858
0.000209093
0.000346899
0.000698805
0.00114703
0.00157094
0.00204492
0.000809908
0.000871897
0.000936985
0.000897884
0.00142694
0.00187492
0.00192094
0.00136614
0.000881195
0.00140405
0.000913858
0.00141716
0.0018611
0.000289917
0.000463963
0.000891924
0.001405
0.00201797
0.00255489
0.00317597
0.00356007
0.000277996
0.000402927
0.000887156
0.00139904
0.00195003
0.00249195
0.00298715
0.00357103
0.00100613
0.00160813
0.0010519
0.00160408
0.00221109
0.00203609
0.00264001
0.00111794
0.00388598
0.00173116
0.00169992
0.00233889
0.00231981
0.00109005
0.00214005
0.00214815
0.00100994
0.00151515
0.00154686
0.00107598
0.00160909
0.00211883
0.00286293
0.00338793
0.000247955
0.000465155
0.000823975
0.00130796
0.00176597
0.00230694
0.00289202
0.00341415
0.000337124
0.000473022
0.000914097
0.00151896
0.00205708
0.00267601
0.00323296
0.00373197
0.000944138
0.00102401
0.00108695
0.00167203
0.00219488
0.00216484
0.002774
0.00330997
0.00161695
0.00156593
0.00205302
0.00211096
0.0021019
0.00193405
0.00251412
0.00308299
0.00217199
0.00220704
0.00217795
0.00158906
0.00212693
0.00233507
0.00283909
0.00342512
0.000251055
0.000360966
0.000822067
0.00139713
0.00188899
0.00245094
0.00294304
0.00359511
0.000266075
0.000488997
0.000923157
0.00152493
0.00205112
0.00260091
0.00316906
0.00369692
0.000467062
0.00108099
0.00121999
0.00183105
0.00242901
0.00242496
0.0030899
0.00379491
0.00257611
0.00194693
0.00253105
0.00159812
0.00222182
0.00225878
0.00284982
0.00338316
0.00220895
0.00159311
0.00218987
0.00215721
0.00218201
0.00224209
0.00280595
0.00332594
0.000262976
0.000453949
0.000886917
0.00142598
0.00196004
0.002666
0.00311208
0.00370502
0.000209093
0.000343084
0.000834942
0.00136018
0.00198793
0.00251579
0.00317788
0.00365496
0.00223017
0.00160694
0.0017128
0.00165081
0.0022459
0.00226903
0.00280619
0.00341296
0.00218606
0.00211096
0.00215197
0.00156999
0.0016489
0.00159693
0.00218391
0.00274491
0.00197601
0.00206208
0.0019381
0.00155115
0.00209999
0.00218892
0.00272822
0.00328708
0.000218868
0.000380993
0.000826836
0.00143504
0.00201488
0.00262904
0.00320005
0.00373292
0.000242949
0.000402927
0.000879049
0.00146794
0.00206518
0.00257587
0.00316596
0.00409102
0.00168204
0.00128984
0.00184202
0.002496
0.00215602
0.00236082
0.00291395
0.00345802
0.00164795
0.00220895
0.00218487
0.00223398
0.00218296
0.0022471
0.00282788
0.00344515
0.00231981
0.00234818
0.00226593
0.00219703
0.00219488
0.00224304
0.00273013
0.00333881
0.000288963
0.00051713
0.000988007
0.00137806
0.00187016
0.00241494
0.00298119
0.00356603
0.000221014
0.000433207
0.000957966
0.00157785
0.00214314
0.00279188
0.00337601
0.0038991
0.00151992
0.00135589
0.00131297
0.00187397
0.00251389
0.00215387
0.00267005
0.00332499
0.00165796
0.00180912
0.0023272
0.00225401
0.00231504
0.00227094
0.00292897
0.00352192
0.00240517
0.0023582
0.00234199
0.00225687
0.00230503
0.00245285
0.00305915
0.00368714
0.00030899
0.000471115
0.000950813
0.00154591
0.0020268
0.00262284
0.00329113
0.00390697
0.000216007
0.0004251
0.000832081
0.00150704
0.00205898
0.00252509
0.00293088
0.00340199
0.000818014
0.000843048
0.000775814
0.00124192
0.00171518
0.00166893
0.00222778
0.00270581
0.000965118
0.00141096
0.00185084
0.00180888
0.00184512
0.00177097
0.00226092
0.00276399
0.00175691
0.00184011
0.00182509
0.00178289
0.00184512
0.0018189
0.00218701
0.00258613
0.000252962
0.000415087
0.000834942
0.00135398
0.00179482
0.00220704
0.00277519
0.00323081
0.000249147
0.000415802
0.000741005
0.00124407
0.00175595
0.0022471
0.00267792
0.00316501
0.000423908
0.000901937
0.000818014
0.00127006
0.00173402
0.00170898
0.00221205
0.00273609
0.00183797
0.00144196
0.00189996
0.00187802
0.00181007
0.0017879
0.00223899
0.00268292
0.00172114
0.00171208
0.00167203
0.00167203
0.00173306
0.00165796
0.00208998
0.00257301
0.000248909
0.00048995
0.000905037
0.00147891
0.00194216
0.00250888
0.00301099
0.00448895
0.000224113
0.000394106
0.000835896
0.00126886
0.00174999
0.00219893
0.0026629
0.00319219
0.000927925
0.000905037
0.000829935
0.00135779
0.00187802
0.00191307
0.00241804
0.00292802
0.001899
0.00191593
0.00191903
0.0019381
0.00197911
0.00204897
0.00256205
0.00300598
0.00185895
0.00181389
0.00186086
0.00146604
0.00196409
0.00198102
0.00246596
0.00292087
0.000228882
0.000386953
0.000864983
0.00140905
0.00182009
0.00241303
0.00297713
0.00335407
0.000276804
0.000436068
0.000837088
0.00133896
0.00184512
0.00237489
0.00283599
0.00340295
0.00100589
0.00163007
0.000983
0.00161314
0.00209498
0.00210381
0.00265598
0.00316811
0.00041604
0.000874996
0.00150895
0.00208282
0.00224614
0.00242305
0.00308418
0.00312185
0.000724077
0.00029707
0.000459909
0.000602007
0.00121784
0.00171685
0.00225616
0.00280714
0.000205994
0.000405073
0.000829935
0.00141811
0.00203109
0.00250506
0.00305581
0.00365114
0.000307083
0.000509977
0.000878811
0.00150013
0.00212502
0.00273585
0.00323606
0.00381994
0.00105405
0.000998974
0.00100493
0.00149894
0.00213504
0.0021739
0.00276399
0.00338387
0.00048089
0.000463009
0.00102997
0.00150204
0.00206685
0.00207496
0.00264883
0.00319004
0.00153589
0.00157094
0.00218701
0.00218105
0.00218201
0.00224304
0.00296092
0.00351715
0.000267029
0.000505924
0.000950813
0.00152087
0.00208688
0.0027101
0.00329185
0.00375414
0.00022006
0.000386
0.000864983
0.00141406
0.00201416
0.00251889
0.00317812
0.00364304
0.00153899
0.000998974
0.00114512
0.00180507
0.00239396
0.00237799
0.00300193
0.00360823
0.00166702
0.00103092
0.000626087
0.00119901
0.00174809
0.00234818
0.00279999
0.00340295
0.00107408
0.00166321
0.0021708
0.00222898
0.00225782
0.002177
0.00276709
0.00328207
0.00019598
0.000281096
0.000873089
0.0014379
0.00199199
0.00267696
0.00319791
0.00390005
0.000219822
0.000380039
0.000870943
0.00143814
0.00193095
0.00255418
0.00310802
0.00362182
0.000952005
0.00103402
0.00108886
0.00165701
0.00219321
0.00221395
0.00276995
0.00346613
0.00169015
0.00165796
0.00222397
0.00213289
0.00219393
0.00215006
0.00276303
0.00335312
0.00224519
0.00217414
0.00223923
0.00175786
0.00229311
0.00220013
0.00279903
0.00345802
0.000231028
0.000332832
0.000848055
0.00135612
0.00189805
0.0024519
0.00275588
0.003227
0.00029707
0.000468969
0.000813961
0.00148797
0.00200415
0.00256395
0.00307894
0.00369
0.00101781
0.00106382
0.001086
0.00154305
0.00213385
0.0020411
0.00262809
0.00321984
0.00158596
0.00168014
0.00218105
0.00212312
0.00210309
0.00213289
0.00269198
0.00326109
0.00212288
0.00218201
0.00219798
0.00223112
0.00219822
0.00209522
0.0026679
0.00319791
0.000197887
0.00032711
0.000854969
0.00142598
0.00194597
0.00244808
0.00299311
0.00350785
0.000212908
0.000412941
0.000789165
0.00123692
0.00175095
0.0023191
0.00283599
0.0033679
0.000468969
0.00106502
0.0010829
0.00160289
0.00220704
0.00221682
0.00272012
0.00323319
0.00152993
0.00208402
0.0021081
0.00217915
0.00226116
0.00209904
0.00262403
0.00320101
0.00199008
0.00192809
0.001966
0.00198889
0.00198483
0.00216007
0.002774
0.00327396
0.000217199
0.000387907
0.000813007
0.00125313
0.0016892
0.0022769
0.00287104
0.00335193
0.000201941
0.000305891
0.000851154
0.00143909
0.00215387
0.00269222
0.00329399
0.00388503
0.000583887
0.00114393
0.000952005
0.0015409
0.00213695
0.00219488
0.00275397
0.0032351
0.00206995
0.00193906
0.00184083
0.0019238
0.00189519
0.00179791
0.00231004
0.00274491
0.00176406
0.00176311
0.00186181
0.00177193
0.00170898
0.00178385
0.00217986
0.00266194
0.000241995
0.000447989
0.000852823
0.00128388
0.00168705
0.00219917
0.00268197
0.00325203
0.00020504
0.000422955
0.000780106
0.00131106
0.001683
0.00212598
0.00257802
0.00302315
0.000326872
0.000836134
0.000910997
0.00144696
0.00185299
0.00177503
0.002249
0.00273609
0.00178123
0.00144601
0.00188303
0.00184107
0.00160003
0.00178099
0.002285
0.0028019
0.00193977
0.00200295
0.00191498
0.00191402
0.00174689
0.00175595
0.00227499
0.00271797
0.000247955
0.00041008
0.000814915
0.00129199
0.00165701
0.00213504
0.00257301
0.0030539
0.000303984
0.000548124
0.000867128
0.00137019
0.00186682
0.00252604
0.00296998
0.00355005
0.000307083
0.000815868
0.000908852
0.00139499
0.00180292
0.000307083
0.000552893
0.00099802
0.0013721
0.00180507
0.00232887
0.00106406
0.000359058
0.000856161
0.000967979
0.00145888
0.00190902
0.000939846
0.00147915
0.00149393
0.0014379
0.000849962
0.00134397
0.00178719
0.000229836
0.000371933
0.000763178
0.00128722
0.00180602
0.00227284
0.00255895
0.00304604
0.000260115
0.000369072
0.000665903
0.0010891
0.00160098
0.00205207
0.00242805
0.00286603
0.000920057
0.000899076
0.000843048
0.00142097
0.00198698
0.00206113
0.00260401
0.00320697
0.00216508
0.00205898
0.00213003
0.00212908
0.00212097
0.00223517
0.00271797
0.00327992
0.00207496
0.00202513
0.00193691
0.00214791
0.00213909
0.00235486
0.00296712
0.00347996
0.000205994
0.000368118
0.000766993
0.00118899
0.00170207
0.00235701
0.00295115
0.00349188
0.000234127
0.000347137
0.00088191
0.00141788
0.002038
0.0025599
0.00315404
0.00388598
0.0011518
0.00167203
0.00154305
0.00212193
0.00200105
0.00212789
0.00260115
0.00312304
0.00203705
0.00208187
0.00220704
0.00218296
0.00225306
0.00215602
0.00269985
0.00329995
0.00221109
0.00212502
0.00218511
0.00212002
0.00223494
0.00232697
0.00288606
0.00333905
0.000218868
0.000383139
0.000804901
0.00137591
0.00196195
0.00248718
0.00294495
0.00351715
0.000221968
0.000353098
0.000766039
0.00125504
0.00171399
0.00231194
0.00286698
0.00345707
0.00163484
0.00162196
0.0010581
0.00165105
0.00164986
0.0022459
0.0022428
0.00336289
0.00163102
0.00210905
0.00163698
0.00169706
0.00107002
0.00173998
0.00175285
0.00296283
0.00167894
0.00173521
0.00115204
0.00103521
0.00158501
0.0016489
0.00164199
0.00268602
0.000262022
0.000432968
0.000888824
0.00204802
0.00259686
0.00331306
0.00380588
0.00469494
0.000225067
0.000339031
0.000813007
0.00133395
0.00195289
0.00251317
0.00308299
0.00364184
0.000921965
0.00089097
0.00101805
0.00151014
0.00213003
0.00213504
0.00273895
0.00324297
0.001544
0.00148797
0.0020299
0.00213289
0.00200605
0.00209808
0.00265312
0.003232
0.00212598
0.0020752
0.00205112
0.0019362
0.00203109
0.00197101
0.00251293
0.003124
0.000320196
0.000523806
0.000947952
0.0015831
0.00213814
0.0027802
0.00269508
0.00324488
0.000233889
0.000377178
0.00082612
0.00133991
0.0019989
0.00248098
0.00305605
0.00365996
0.00101709
0.000910997
0.00154114
0.00208402
0.002213
0.00215006
0.00276709
0.00328302
0.00165701
0.00165892
0.0016191
0.00168204
0.00167489
0.00176311
0.00171018
0.00232005
0.00176001
0.00166178
0.00153184
0.00155401
0.00207996
0.00215888
0.00262785
0.00312614
0.000204086
0.000368118
0.000771999
0.00136614
0.00199389
0.00238609
0.0030911
0.00356722
0.000247002
0.000343084
0.000870943
0.00155187
0.00218201
0.00274706
0.00336409
0.00390291
0.00105
0.00160813
0.00166202
0.00219607
0.00220513
0.00218892
0.00275183
0.00333905
0.00206685
0.0016551
0.00218606
0.00222397
0.00223899
0.00230002
0.00289583
0.00334406
0.00226116
0.00219297
0.00212693
0.00225306
0.00223398
0.00213194
0.00270891
0.00316286
0.000242949
0.000391006
0.000874043
0.00150919
0.00204992
0.00265884
0.00312209
0.00370002
0.000296116
0.00049305
0.000900984
0.00146985
0.00197792
0.002599
0.00319791
0.003757
0.00116396
0.00170708
0.00231504
0.0021832
0.002074
0.00205421
0.00260592
0.00338507
0.00258493
0.00264287
0.00262809
0.00253582
0.00240493
0.00228
0.00282216
0.003371
0.00218201
0.00223494
0.002249
0.00219393
0.00207901
0.00190282
0.00235105
0.00288796
0.000211
0.000375032
0.000884056
0.00132585
0.00179005
0.00226212
0.00273395
0.00310016
0.000208855
0.000381947
0.000734806
0.00119591
0.00172305
0.00210094
0.00256205
0.00304699
0.000373125
0.000754833
0.000932932
0.00139499
0.00195694
0.00196409
0.00248194
0.00288296
0.00180793
0.00128508
0.00174499
0.00178504
0.00175309
0.00182486
0.00237012
0.00279498
0.00181985
0.00176883
0.00163913
0.00174308
0.00177002
0.00183988
0.00223017
0.00272584
0.000204086
0.000351906
0.000663042
0.0012002
0.00166488
0.00222301
0.00265002
0.00313401
0.000209093
0.000389099
0.000714064
0.00119996
0.00170302
0.00232887
0.00284386
0.00325608
0.000803947
0.000790119
0.000840902
0.0012939
0.00168419
0.0016439
0.00203395
0.00248122
0.00128198
0.00144315
0.00192904
0.00193095
0.00195599
0.00176501
0.00222301
0.00268698
0.0018549
0.00178885
0.00183511
0.0017519
0.00179195
0.00174212
0.002177
0.00261211
0.000252962
0.000429153
0.000834942
0.00127697
0.00170517
0.00214911
0.00255394
0.00299907
0.000308037
0.00047493
0.000880003
0.0013659
0.00174689
0.00215697
0.00265002
0.00312781
0.000247002
0.000787973
0.000907898
0.001405
0.00189805
0.00193
0.00242305
0.00290513
0.0014019
0.00139117
0.0019269
0.00188684
0.00195694
0.00191689
0.0023849
0.00300813
0.00199294
0.00204396
0.00205493
0.00204301
0.00203896
0.00203896
0.00250888
0.0031321
0.000227928
0.00041008
0.000849962
0.00143504
0.00200391
0.00251698
0.00298214
0.00368309
0.000264168
0.000431061
0.000892162
0.00145888
0.00209808
0.00257206
0.00314498
0.00364304
0.000911951
0.000959873
0.000854969
0.00135612
0.00184584
0.00215912
0.00268006
0.00324202
0.000509977
0.00111413
0.00181508
0.00238085
0.00230193
0.002388
0.00293589
0.00345302
0.00202608
0.0019362
0.00206995
0.00151896
0.00209785
0.0021112
0.00252509
0.00302005
0.000302076
0.000463963
0.000867844
0.00136805
0.00188112
0.00239706
0.00288296
0.00342107
0.000243902
0.000385046
0.000949144
0.00157094
0.00227714
0.00275803
0.00339007
0.00387478
0.000469923
0.00108314
0.00105906
0.00180411
0.00239801
0.00228286
0.0028441
0.00341392
0.00208402
0.00150514
0.00213313
0.00206017
0.00209713
0.00216484
0.00276804
0.00321198
0.00204396
0.00201392
0.00194001
0.00194979
0.002105
0.00217104
0.00276995
0.00336194
0.000266075
0.000429153
0.000847101
0.00137615
0.001863
0.00256991
0.00308609
0.003685
0.000280142
0.000459909
0.000887156
0.00146484
0.00213599
0.00263405
0.00318694
0.00363302
0.000522852
0.00118804
0.00117993
0.00177312
0.00229311
0.00219297
0.00283003
0.00342798
0.00213408
0.00165892
0.00222397
0.00225306
0.00220108
0.00230598
0.00285387
0.00342703
0.00222397
0.00222778
0.00205803
0.00210619
0.00209403
0.00216007
0.00271797
0.00333309
0.000274897
0.000446081
0.000900984
0.00144601
0.00207996
0.00261497
0.00331903
0.00381112
0.000264168
0.000444889
0.000858068
0.00144887
0.00208712
0.00260091
0.00312996
0.00362515
0.00156593
0.000352144
0.000443935
0.000950813
0.00138617
0.00187492
0.0022881
0.00284195
0.000411987
0.000988007
0.00103593
0.00170207
0.00167513
0.00169802
0.00223207
0.00286508
0.00163102
0.00222397
0.00224996
0.00235105
0.00237703
0.00230289
0.00285292
0.00338197
0.000236034
0.000393152
0.000863075
0.00140095
0.00199699
0.00248694
0.00315189
0.0036881
0.000315905
0.000504017
0.000983953
0.00157595
0.00217891
0.00290203
0.00342321
0.00390792
0.00165892
0.0016582
0.00169396
0.00217605
0.00217509
0.00161409
0.00161505
0.000447989
0.00337505
0.00158691
0.00163317
0.00155902
0.00217104
0.00102091
0.00158501
0.00211501
0.00161386
0.00156379
0.000599146
0.00108409
0.0016439
0.00219011
0.00272703
0.00319505
0.000197887
0.000370026
0.000836134
0.00139093
0.0020659
0.00267196
0.00315285
0.00381207
0.000223875
0.000401974
0.000741959
0.00120497
0.00177312
0.00237203
0.00291705
0.00348115
0.00100303
0.000996828
0.00102186
0.00190401
0.00246215
0.0024941
0.00304389
0.00362802
0.0010519
0.00163794
0.0022819
0.00170684
0.0022459
0.00233507
0.00295305
0.00357699
0.00244403
0.00241494
0.00255299
0.00255203
0.00249791
0.00257587
0.003227
0.00391603
0.000225067
0.000387907
0.00117302
0.00166798
0.00214601
0.00265288
0.00298905
0.00357485
0.000230074
0.000415087
0.00090909
0.00134706
0.00177884
0.00220299
0.00264597
0.0031848
0.00133014
0.00132203
0.00126219
0.00127101
0.00171399
0.00180817
0.00223708
0.00264812
0.00163984
0.00123215
0.00181293
0.00192308
0.00191188
0.00199986
0.00247788
0.00291586
0.0019021
0.00195694
0.00184608
0.00196099
0.0018692
0.00173306
0.00222802
0.00266004
0.000248909
0.000418901
0.000839949
0.00126696
0.00174904
0.002285
0.00280404
0.00324702
0.000234842
0.000401974
0.000746965
0.00122118
0.00174999
0.0021081
0.00255418
0.00301504
0.000884056
0.000902891
0.000931025
0.00137496
0.00181603
0.00180006
0.00223684
0.00283718
0.00141597
0.00141311
0.00192022
0.00186992
0.00184608
0.00183296
0.00237107
0.00286698
0.00185609
0.00203681
0.00194907
0.00198722
0.00192809
0.00190997
0.00229692
0.002774
0.000198126
0.000365019
0.000711918
0.00118899
0.00164199
0.0021832
0.00280786
0.00319791
0.000249863
0.000385046
0.000771046
0.00119305
0.00166106
0.00211906
0.00265884
0.00310707
0.0015161
0.00145483
0.000883102
0.00135398
0.00186706
0.00185609
0.00228786
0.00275588
0.00176692
0.00176311
0.0016799
0.00128484
0.00176692
0.00181293
0.00229406
0.00279999
0.000859022
0.000355959
0.000375032
0.000828028
0.00128794
0.000304937
0.000454187
0.000838995
0.000262976
0.000458956
0.000852108
0.00138688
0.0019691
0.00248885
0.00311303
0.00358391
0.000248909
0.000401974
0.000844002
0.00129485
0.001724
0.00228405
0.00270987
0.00330305
0.00101995
0.00100684
0.000966072
0.00154996
0.00214791
0.00215888
0.00268102
0.00313091
0.0013988
0.00149798
0.00201917
0.00216317
0.00224209
0.00228715
0.00283813
0.00348616
0.00221586
0.00220394
0.00216198
0.00220203
0.00219607
0.00214696
0.00262499
0.00327611
0.000226021
0.000383854
0.000799179
0.0013752
0.00196815
0.00255299
0.00306106
0.00355601
0.000255108
0.000411987
0.000856876
0.00138497
0.0019989
0.00256705
0.00308299
0.00360584
0.00155377
0.00164795
0.000921011
0.00152707
0.00210404
0.00216222
0.00275087
0.0032742
0.000993013
0.00154495
0.00228095
0.00232005
0.00234008
0.00265002
0.00332618
0.00396299
0.00259304
0.00240302
0.00230408
0.00223494
0.0010798
0.00162411
0.00229907
0.00286818
0.000221014
0.000380039
0.000860929
0.00149298
0.00205088
0.00252509
0.00312519
0.00368094
0.000200033
0.000374079
0.000756025
0.00128293
0.00173402
0.00236893
0.00297809
0.00358105
0.00153899
0.00153899
0.00100899
0.00155401
0.00204206
0.00206804
0.00263309
0.00317407
0.000884056
0.00148988
0.00205493
0.00153089
0.00215292
0.00206494
0.00284886
0.00286794
0.00166893
0.00182104
0.000938892
0.00109816
0.000556946
0.00117397
0.00181603
0.00231194
0.000227928
0.000397921
0.000877857
0.00144601
0.00197411
0.002563
0.00313616
0.00374985
0.000197887
0.000370026
0.000780821
0.00138092
0.00197005
0.00254202
0.00315022
0.00362396
0.000419855
0.000961781
0.00114393
0.00171518
0.00225401
0.00218201
0.0026691
0.00319004
0.00190187
0.00152707
0.00210786
0.00220418
0.00213408
0.00218201
0.00278902
0.00339198
0.0023129
0.00234294
0.002388
0.00234509
0.00236702
0.00219107
0.00276089
0.003299
0.000259876
0.000423193
0.000911951
0.0014751
0.00207496
0.00260806
0.00320387
0.00378799
0.000221014
0.000361919
0.000782967
0.00124693
0.00174022
0.00227714
0.00285292
0.00359488
0.00104594
0.000969887
0.00152302
0.00156713
0.00214601
0.000409126
0.000473022
0.000642061
0.000496864
0.00108504
0.001827
0.000418186
0.000463963
0.000541925
0.00109506
0.00170302
0.000530005
0.00129509
0.00180292
0.00233388
0.00232291
0.00229692
0.00288796
0.00338387
0.000277996
0.000463963
0.000921011
0.00163698
0.00216293
0.00276899
0.00347304
0.00408411
0.000252008
0.000403881
0.000919104
0.00146198
0.00210118
0.0025878
0.0032692
0.00386596
0.000472069
0.00109696
0.00167799
0.00232697
0.002285
0.00223684
0.0026691
0.00330019
0.00159788
0.00207591
0.00211191
0.00213909
0.00213313
0.00223184
0.00280213
0.00336599
0.0023098
0.00237083
0.00221109
0.0022881
0.00219107
0.00219893
0.00287199
0.00342298
0.000274897
0.000437021
0.00093317
0.00154519
0.0021441
0.00266719
0.00353003
0.00407696
0.000272989
0.000507116
0.000977993
0.00182605
0.00242305
0.00280595
0.0032599
0.00374603
0.000941992
0.000929117
0.00103617
0.00148106
0.00200319
0.00181985
0.00239205
0.00286889
0.0017941
0.00130796
0.00176001
0.00125289
0.00170708
0.00180411
0.00182223
0.00230503
0.00127196
0.00121307
0.001261
0.00166798
0.00177598
0.00178695
0.00226378
0.00270987
0.000197887
0.000441074
0.000840902
0.00137091
0.00181699
0.002244
0.002707
0.00315809
0.000216007
0.000418901
0.000699997
0.00118613
0.00170302
0.00212598
0.00264096
0.00311708
0.000880957
0.000880957
0.000854015
0.00125813
0.00176191
0.00176597
0.002244
0.00270796
0.00128198
0.00173306
0.00173807
0.00169611
0.00179911
0.0018549
0.00231981
0.000388861
0.00328994
0.00234985
0.00232005
0.00159192
0.00172591
0.00130582
0.00177193
0.00224209
0.000224113
0.000388145
0.000802994
0.00126791
0.00179601
0.00230503
0.00271893
0.00314784
0.000245094
0.000432014
0.000797987
0.00125384
0.00176811
0.0022068
0.00271201
0.00318193
0.000772953
0.000831127
0.001369
0.00138402
0.00184488
0.00187182
0.00241899
0.00282788
0.00177598
0.00136805
0.00185704
0.00130486
0.00177002
0.00174594
0.00214601
0.00263119
0.00174308
0.00175095
0.0017941
0.00177193
0.00182295
0.00176811
0.0021739
0.00266814
0.000251055
0.000401974
0.000837088
0.00130391
0.00177097
0.00226188
0.00276995
0.00314808
0.000277042
0.000511169
0.000854969
0.00147104
0.00200891
0.00251102
0.00307989
0.00363398
0.0015161
0.00148702
0.000980854
0.00149918
0.00202918
0.00204492
0.00253797
0.00308704
0.00198889
0.0019908
0.00201011
0.00206399
0.00202298
0.00213599
0.00276113
0.0033319
0.00215292
0.00205398
0.00201797
0.00190687
0.00204897
0.00211906
0.00269914
0.00317717
0.000229836
0.000411034
0.00086689
0.00141501
0.00196815
0.00245619
0.00297093
0.00359106
0.000281096
0.000538111
0.000906944
0.00143886
0.0018909
0.00247097
0.00306201
0.00354004
0.0016129
0.00155401
0.000941992
0.00152898
0.00209808
0.00209785
0.00267005
0.00317097
0.00166297
0.00174093
0.00228405
0.00222206
0.00218701
0.002177
0.00274205
0.00334001
0.00225019
0.00214887
0.00219512
0.00223613
0.00222683
0.00231099
0.00290298
0.003546
0.000308037
0.000513077
0.000951052
0.00187016
0.00179696
0.00187397
0.00303197
0.00305295
0.000317097
0.00048399
0.000922203
0.00141788
0.00190115
0.0026269
0.00323677
0.00369191
0.000429153
0.000943899
0.00101519
0.00160313
0.0022471
0.00230694
0.0028801
0.00345111
0.00162101
0.00168991
0.00226092
0.00215793
0.00206995
0.00205088
0.00261593
0.00310993
0.00211
0.00209785
0.00216794
0.00229502
0.00222301
0.00219202
0.00275207
0.00419211
0.000217915
0.000424147
0.000880957
0.00159883
0.00216889
0.00266314
0.00329614
0.0038209
0.000259876
0.000408888
0.000868082
0.00148702
0.0020721
0.00261497
0.00324082
0.00376391
0.00100899
0.00165892
0.00167298
0.00292587
0.00337505
0.00371313
0.00463605
0.0052321
0.00199318
0.00258994
0.00221682
0.00206304
0.00210404
0.00209618
0.00267982
0.0032289
0.00220704
0.00218296
0.00208592
0.00205803
0.00209904
0.00210881
0.00253916
0.00311422
0.000256777
0.000421047
0.000931025
0.00153708
0.00205898
0.0025599
0.003052
0.00362301
0.000247955
0.000453949
0.00089097
0.0014441
0.00197721
0.00263286
0.00363708
0.00416899
0.000495911
0.00108385
0.00106788
0.00162005
0.00214291
0.00216985
0.00267386
0.00327015
0.002105
0.00211787
0.00237608
0.00220108
0.00234795
0.00230598
0.00275302
0.00338602
0.002105
0.00159001
0.00213814
0.00220895
0.00218391
0.00214601
0.00272298
0.003304
0.000273943
0.000433922
0.00086689
0.00142789
0.00192904
0.00239396
0.00304103
0.00361395
0.000201941
0.000429869
0.000888109
0.00141191
0.00200009
0.00261903
0.00318003
0.00370097
0.00155902
0.00109315
0.000956059
0.00147104
0.00198007
0.00215697
0.00271106
0.00327206
0.00152183
0.00158405
0.00212908
0.00221205
0.00213885
0.00212407
0.00271487
0.00338507
0.0016849
0.00209284
0.00218701
0.00205708
0.00211
0.00222516
0.00280309
0.00356197
0.000245094
0.000363111
0.000890017
0.00148487
0.00211906
0.00258088
0.00326204
0.00381517
0.00026989
0.000464201
0.000937939
0.00155306
0.00209618
0.00265217
0.00318503
0.00378108
0.00163198
0.00161982
0.00158095
0.00217986
0.00229096
0.00242209
0.00273108
0.00315309
0.001683
0.00117803
0.00116801
0.00115895
0.00169015
0.00181103
0.00230002
0.00278211
0.00181413
0.00135612
0.00177288
0.00181603
0.00177717
0.00184798
0.00227618
0.00272989
0.000203133
0.000339985
0.000734091
0.00125098
0.00171304
0.00219893
0.00260687
0.00317097
0.000248909
0.000429153
0.000772953
0.00126815
0.00179195
0.00221014
0.00272489
0.00321007
0.000861883
0.000828981
0.000905991
0.00133085
0.00177407
0.00174999
0.00218678
0.00269413
0.00174594
0.00133395
0.00179386
0.00133419
0.00179505
0.00178099
0.00226784
0.0027349
0.00179386
0.0017519
0.00117588
0.0016129
0.00176096
0.00187612
0.00233793
0.00279999
0.000224113
0.000411034
0.00079298
0.00122499
0.00165391
0.00212884
0.00266814
0.00309992
0.000211954
0.000435829
0.000766039
0.00128508
0.00171494
0.00216413
0.00262308
0.00314808
0.000429869
0.000931025
0.00146604
0.00213194
0.00214696
0.00204587
0.0025301
0.00308919
0.00137687
0.00181007
0.00181079
0.00128293
0.00173593
0.00176501
0.00229716
0.00277591
0.0018189
0.00140214
0.00178194
0.00181913
0.00190187
0.00183296
0.00235009
0.00283694
0.000237942
0.000409842
0.000818014
0.00125003
0.00178695
0.0023222
0.00280094
0.003299
0.000236034
0.000452995
0.000919104
0.00135803
0.00187516
0.00236177
0.00286198
0.00335503
0.000915051
0.00135803
0.000837088
0.00143909
0.00199389
0.00213003
0.00277114
0.00320601
0.0015409
0.00212288
0.00208092
0.00163198
0.00215507
0.0022161
0.00265598
0.00317693
0.00204206
0.00207901
0.00209498
0.00215697
0.00210404
0.00152206
0.002074
0.00271392
0.000238895
0.00040102
0.00089407
0.00149202
0.00199509
0.00254202
0.00302815
0.00362682
0.000237942
0.00041008
0.000818014
0.00139189
0.002002
0.00258803
0.00313282
0.00375485
0.000427008
0.00103688
0.00107908
0.00162792
0.00222206
0.00219607
0.00271893
0.00328994
0.0016048
0.00165606
0.00222301
0.00217295
0.00214219
0.00219011
0.00276184
0.00331402
0.00205803
0.00210118
0.00206208
0.00208902
0.00206184
0.00200987
0.00275302
0.00333905
0.00172091
0.00172114
0.00224018
0.00292516
0.0033741
0.00371909
0.00434399
0.00507689
0.000286102
0.000402927
0.000914097
0.001544
0.00216603
0.002707
0.00327206
0.00380802
0.00158405
0.00108218
0.000988007
0.0015862
0.00218511
0.00115299
0.00163817
0.00215888
0.00135088
0.0018692
0.00198507
0.000895977
0.00150299
0.00154209
0.00205898
0.00263786
0.00150084
0.00208879
0.00210905
0.001477
0.00208902
0.00191903
0.00245714
0.0030241
0.000329971
0.000509024
0.000966072
0.00156999
0.00221896
0.00272107
0.00329018
0.00384498
0.000239134
0.000321865
0.000859022
0.00139499
0.00200105
0.00252604
0.00309896
0.00364709
0.00110507
0.00164104
0.00105715
0.001647
0.00226593
0.00225091
0.00283194
0.00349092
0.00166798
0.00177789
0.00236392
0.00168109
0.00227404
0.00215912
0.00280285
0.0033288
0.00230694
0.00158501
0.00210786
0.00153708
0.00214219
0.002141
0.00266004
0.0032289
0.000219822
0.000391006
0.000825882
0.00136495
0.00190997
0.00256681
0.00301099
0.00372601
0.000267029
0.000414133
0.000823975
0.00140715
0.00200915
0.00252295
0.0031321
0.00357485
0.000986099
0.00160003
0.00217891
0.00168896
0.00235605
0.00227714
0.00286102
0.00344515
0.00225019
0.0022099
0.00218821
0.00165606
0.0021441
0.00221491
0.00272608
0.00321817
0.00213003
0.00206804
0.00218678
0.00308681
0.003057
0.00306511
0.00363111
0.00422907
0.000242949
0.000407934
0.000792027
0.00130606
0.00184107
0.002455
0.0030098
0.00356007
0.000243902
0.000390053
0.000813007
0.00135112
0.001827
0.00245905
0.00301313
0.00358891
0.00159097
0.00175786
0.00103688
0.00160098
0.0022049
0.0021801
0.00269294
0.00329995
0.00216699
0.00165415
0.002249
0.00220299
0.0022378
0.00222588
0.00278783
0.0033741
0.0022409
0.00224304
0.00218511
0.00105286
0.00166607
0.00227594
0.00276399
0.00332117
0.000243902
0.000424147
0.000892162
0.00150609
0.00215411
0.00275898
0.00318098
0.00379109
0.000262976
0.000431061
0.000898123
0.00145411
0.00212312
0.00266981
0.00329399
0.00389004
0.000969172
0.00146914
0.000831842
0.0014472
0.00204587
0.00221992
0.00278783
0.00333881
0.000488997
0.00110292
0.00188899
0.00241184
0.00238299
0.00244999
0.00290012
0.00343513
0.0021801
0.00229096
0.00207186
0.00200701
0.00195122
0.001724
0.00223804
0.00273705
0.00022316
0.000378132
0.000794888
0.00124002
0.00174713
0.00223804
0.00255799
0.00306797
0.000189066
0.000404119
0.000807047
0.00125909
0.00161886
0.00217509
0.00264788
0.00311303
0.000699043
0.000761986
0.00041008
0.000907898
0.00132394
0.00176287
0.00227618
0.00272989
0.000453949
0.000942945
0.000845194
0.00140405
0.00176311
0.00181103
0.0022161
0.00262189
0.000797033
0.00140309
0.00202799
0.00159097
0.00201702
0.00178194
0.00221205
0.00270319
0.000222921
0.000396967
0.000813007
0.00129199
0.00179887
0.00220799
0.002707
0.003227
0.000216961
0.000384808
0.000874043
0.00136209
0.00188017
0.00228405
0.00277281
0.00327182
0.000908852
0.000874043
0.000801802
0.00131607
0.00180006
0.00186586
0.00237989
0.002913
0.00193501
0.00139785
0.00185013
0.00180912
0.00178194
0.00181603
0.00233483
0.00287294
0.002033
0.0021081
0.00199986
0.00197291
0.00188208
0.00185299
0.00230813
0.00290084
0.000254869
0.000424862
0.000756979
0.00127411
0.00176001
0.00218105
0.00268006
0.00329208
0.000261068
0.000431061
0.000833988
0.00129604
0.00177884
0.00228
0.00267386
0.00310302
0.00039506
0.00090909
0.000970125
0.0014751
0.00196695
0.00150084
0.00199199
0.00249696
0.00146008
0.00141597
0.00187802
0.00187302
0.00184894
0.00186896
0.00233006
0.002913
0.00202608
0.00212383
0.00219798
0.00213599
0.00204897
0.0020659
0.00261307
0.00313497
0.000241995
0.000409126
0.000844955
0.00142121
0.00203896
0.00263
0.00305581
0.00356007
0.00022006
0.000432968
0.000937223
0.00144601
0.00204587
0.00256801
0.0030489
0.00363111
0.000454903
0.000870943
0.00106001
0.00167704
0.00227618
0.00225806
0.00271416
0.00324392
0.00149512
0.00160289
0.00202799
0.00149512
0.00207901
0.00213504
0.00258684
0.00314784
0.00210595
0.00207281
0.00213099
0.00207901
0.00202298
0.00199318
0.00253701
0.00305414
0.000241041
0.000403881
0.000869989
0.00140095
0.00204802
0.00263119
0.00316811
0.0036819
0.000210047
0.000333071
0.000814915
0.00138092
0.00199294
0.00253701
0.00315619
0.00352097
0.00202894
0.00205088
0.00162315
0.00162697
0.00218201
0.00221205
0.00274801
0.00316787
0.00199294
0.0014019
0.00192404
0.00207615
0.002038
0.0020771
0.00268698
0.00316215
0.00211883
0.0021131
0.00204897
0.00200295
0.00201917
0.00203109
0.00252104
0.00299597
0.000247002
0.000405073
0.000858068
0.00142002
0.00209212
0.00257301
0.00320601
0.00372505
0.000236034
0.000385046
0.000729799
0.00124502
0.00183201
0.00239992
0.00302219
0.00361586
0.00103307
0.00161195
0.00105715
0.0016818
0.00216198
0.00212097
0.00267601
0.003196
0.00155187
0.00152016
0.00211692
0.00216389
0.00222707
0.00158882
0.00219107
0.00280595
0.00222206
0.00226307
0.00227594
0.00226498
0.00225997
0.00226498
0.00287414
0.00345397
0.000228882
0.000324965
0.000804901
0.001297
0.00185394
0.00241899
0.0028491
0.00346017
0.000201941
0.000378132
0.000774145
0.00122213
0.00181007
0.00257802
0.00310302
0.00362992
0.000840902
0.00104094
0.00108695
0.00165391
0.00226116
0.00212002
0.00261998
0.00320792
0.00158882
0.00165796
0.00218511
0.00219512
0.00221395
0.00212002
0.00269985
0.00330782
0.00221491
0.00217009
0.00219107
0.00214005
0.00214005
0.00208783
0.00268817
0.00320888
0.000227928
0.00035882
0.000808001
0.00138807
0.00199819
0.00258994
0.00323081
0.00370502
