0.000213146
0.000221014
0.000183105
0.00018692
0.000188112
0.000174999
0.0001719
0.000169992
0.000251055
0.000241995
0.000152111
0.000179052
0.000149012
0.000200033
0.000161886
0.000158072
0.000149012
0.000152826
0.000164986
0.000242949
0.000160933
0.000192881
0.000174046
0.000146151
0.000170946
0.000252008
0.000184059
0.000200033
0.000175953
0.000188112
0.0001719
0.000167131
0.000174046
0.000184059
0.000200987
0.000187874
0.000204086
0.000211
0.000178099
0.00019002
0.000182867
0.000185013
0.000170946
0.000203848
0.000195026
0.000196934
0.000176907
0.000185013
0.000188828
0.000172853
0.000180006
0.000196934
0.000234127
0.000207901
0.000204086
0.000197887
0.0001719
0.000197887
0.000155926
0.000181198
0.000183821
0.000187874
0.000164986
0.000179052
0.000191927
0.000161886
0.000176907
0.000186205
0.000196934
0.00019598
0.000180006
0.000196934
0.00022006
0.000234127
0.000164986
0.000173092
0.000169039
0.000185013
0.000200033
0.000217915
0.000202179
0.000188112
0.0001719
0.000187159
0.000172853
0.000173092
0.000134945
0.000192165
0.000179052
0.000206947
0.00019908
0.000197887
0.000174046
0.000183105
0.000176907
0.00018692
0.000173807
0.000225782
0.00019002
0.000192881
0.000185013
0.000183105
0.000184059
0.000174046
0.000184059
0.000172138
0.00019598
0.000176907
0.000167131
0.000191927
0.000173092
0.000170946
0.000189781
0.000195026
0.000174999
0.00018096
0.000180006
0.000181913
0.000168085
0.000182867
0.000165939
0.000198126
0.000176907
0.000188828
0.000175953
0.000176907
0.000166178
0.000200987
0.000210047
0.000211954
0.000164986
0.000170946
0.000172853
0.000183105
0.000190973
0.000173092
0.000166178
0.000168085
0.000182867
0.000191927
0.000176191
0.000174046
0.000197172
0.000210047
0.000169039
0.000191927
0.000174999
0.000172138
0.000169992
0.000204086
0.00019908
0.000201941
0.00019002
0.000174046
0.000198126
0.000210047
0.00017786
0.000180006
0.00018692
0.00019598
0.000182867
0.00018096
0.000176907
0.000163078
0.000174046
0.000178814
0.000170946
0.000178099
0.000170946
0.000183105
0.00018692
0.00019908
0.000169992
0.000151157
0.000177145
0.000178814
0.00016284
0.00018692
0.000172853
0.000189066
0.00019598
0.000191927
0.000161886
0.000180006
0.000163078
0.000196934
0.0001688
0.000178099
0.000180006
0.000206947
0.000185966
0.00020504
0.000169039
0.000173092
0.000175953
0.000172138
0.000209093
0.000211
0.000172853
0.000182152
0.00019002
0.000182152
0.000164032
0.000164986
0.000182867
0.00019598
0.000180006
0.000197887
0.000178099
0.000181913
0.000164032
0.000159979
0.0001688
0.000192881
0.000198126
0.000211
0.000153065
0.00018692
0.000207186
0.000204802
0.000200987
0.000218153
0.000190973
0.000211954
0.000174999
0.00019598
0.000176907
0.000185966
0.000160933
0.000194073
0.000184059
0.000191927
0.00020504
0.000176191
0.000185013
0.000165939
0.000184774
0.000195026
0.000175953
0.000216007
0.000149965
0.000194073
0.000191927
0.00019598
0.000174999
0.000190973
0.000169039
0.000208855
0.000183821
0.000187159
0.000180006
0.000228167
0.00019002
0.000173092
0.000180006
0.000191927
0.00018096
0.000217915
0.000179052
0.000216961
0.000193119
0.000201941
0.000174999
0.000192881
0.000160933
0.00018096
0.000164986
0.00018096
0.000161171
0.000185966
0.000176191
0.00018096
0.000197887
0.000167847
0.000165224
0.000203133
0.000198126
0.000218868
0.000185013
0.000204802
0.000150919
0.000172853
0.000169992
0.000174046
0.000164986
0.000179052
0.000155926
0.000172138
0.00014782
0.000175953
0.0001719
0.000206947
0.000169992
0.000172138
0.000152111
0.000176907
0.000161171
0.000205994
0.000169039
0.000166893
0.000146866
0.000211954
0.000169039
0.000173092
0.000178814
0.000159025
0.000153065
0.000167847
0.000175953
0.000178099
0.000169992
0.0001688
0.0001719
0.000179052
0.000160933
0.000169992
0.000164986
0.000183821
0.000153065
0.000178099
0.000174999
0.000174046
0.000157833
0.000152111
0.000175953
0.000153065
0.0001719
0.000193119
0.000175953
0.00019908
0.000160933
0.000159979
0.000174999
0.000191927
0.000175953
0.000207186
0.0001719
0.00018096
0.000180006
0.00019598
0.000169992
0.00018096
0.000200033
0.0001719
0.000168085
0.000169992
0.000169039
0.000218868
0.000183105
0.000182867
0.000207901
0.00019908
0.000159979
0.000174999
0.00017786
0.000187874
0.000146151
0.000207186
0.000203848
0.000216961
0.000197172
0.000190973
0.000176907
0.00019002
0.000194073
0.00017786
0.000174046
0.000200033
0.000176907
0.000193119
0.000181913
0.000200987
0.000211954
0.000189066
0.000164032
0.00017786
0.000174046
0.000200987
0.000202894
0.000213861
0.000167847
0.00019002
0.000206947
0.000180006
0.000198126
0.000170946
0.000188112
0.000176907
0.000201941
0.000200033
0.000176191
0.000169992
0.000165939
0.000173092
0.00016284
0.000187874
0.000179052
0.000183821
0.000200033
0.00020504
0.000185013
0.000185013
0.000176191
0.000191927
0.000185966
0.000193119
0.000182867
0.000176191
0.000181913
0.000194073
0.000181913
0.000195026
0.000169039
0.000200987
0.000197172
0.000187874
0.000169992
0.000166893
0.000169992
0.000184059
0.000180006
0.000191927
0.000167131
0.000181913
0.000174999
0.000189066
0.000174999
0.000169992
0.000211954
0.000239134
0.000174999
0.000185013
0.000187874
0.000196218
0.000187159
0.000192881
0.000181198
0.000205994
0.000174046
0.000181913
0.000174046
0.000184059
0.000160933
0.000185966
0.000176191
0.000196934
0.000190973
0.000224829
0.000169039
0.000185013
0.00017786
0.000203133
0.000168085
0.000182867
0.0001719
0.000179052
0.000181913
0.000187874
0.00019002
0.000213146
0.00019908
0.000194073
0.000184059
0.000167131
0.000179052
0.000182152
0.000173092
0.000189066
0.000200987
0.000201941
0.000191927
0.000203133
0.000197172
0.000169992
0.000173807
0.0001719
0.000174999
0.000169992
0.000204086
0.000204802
0.00018692
0.000184059
0.0001688
0.000196934
0.000165939
0.00019598
0.000188828
0.000191927
0.000164032
0.000188112
0.000180006
0.000181913
0.000180006
0.000204086
0.000179052
0.000184774
0.000182152
0.000172853
0.000157833
0.000164032
0.000174999
0.000184059
0.000196218
0.000182867
0.000180006
0.000187159
0.000169992
0.000173807
0.000200987
0.000205994
0.0001719
0.000205994
0.000180006
0.000169992
0.000178814
0.000188112
0.000187159
0.000204086
0.000167131
0.000253916
0.000152111
0.000235081
0.000172138
0.000185966
0.000174999
0.000161171
0.000167847
0.000196934
0.000179052
0.000176907
0.000164986
0.000180006
0.000180006
0.000183105
0.000165939
0.000171185
0.000176191
0.00018692
0.000192881
0.000192165
0.000174999
0.000186205
0.000161886
0.000181198
0.000167131
0.000171185
0.00020504
0.000181913
0.000164986
0.000168085
0.000164032
0.000215054
0.000160933
0.000170946
0.000165939
0.000200987
0.000164986
0.000182867
0.000166893
0.000170946
0.000159979
0.000192881
0.000181913
0.000196934
0.00019598
0.000165939
0.00017786
0.000156164
0.000164986
0.000260115
0.000149965
0.000198841
0.000216961
0.000174046
0.000182152
0.00019598
0.000195026
0.000211954
0.000174046
0.00022006
0.000139952
0.000157118
0.000200987
0.000174046
0.000157118
0.000203133
0.000197887
0.00016284
0.000154018
0.000161171
0.000142813
0.00019002
0.000179052
0.00019908
0.000156879
0.000187874
0.000173092
0.000194073
0.000148058
0.000149965
0.000161886
0.000229836
0.000165939
0.000172138
0.000173092
0.000183105
0.000178814
0.000197172
0.000157118
0.000159025
0.000183105
0.000193119
0.00018692
0.000195026
0.000164986
0.000171185
0.000174999
0.000201941
0.000154018
0.000181913
0.000144958
0.000176907
0.00018096
0.000181913
0.000175953
0.000185013
0.000172853
0.000170946
0.000153065
0.000154018
0.000155926
0.000155926
0.00019598
0.000197887
0.000191927
0.000174046
0.0001719
0.000196934
0.000195026
0.000206947
0.000169992
0.000207901
0.00019908
0.000200033
0.000178099
0.000239849
0.000174999
0.000179052
0.0001719
0.000178099
0.000167131
0.000172853
0.000190973
0.000201941
0.000152826
0.000201941
0.000183821
0.000164986
0.000169992
0.000174999
0.000148058
0.000185013
0.00018096
0.000189066
0.000180006
0.000182152
0.000177145
0.00018096
0.000169992
0.00018096
0.000144005
0.000187874
0.000176907
0.000187874
0.000174046
0.000181913
0.000180006
0.000170946
0.000150919
0.00018096
0.000167847
0.000193119
0.000187874
0.000202179
0.000185013
0.000205994
0.000171185
0.000184059
0.000167131
0.000192881
0.000182867
0.000206947
0.00019598
0.000191212
0.000174999
0.000204086
0.000172853
0.000194073
0.000166893
0.00018096
0.000158072
0.000164986
0.000178099
0.000183821
0.000174999
0.000184059
0.00018692
0.000187159
0.000182867
0.000221014
0.000175953
0.000163078
0.000174999
0.00018692
0.000189066
0.000172853
0.000184059
0.000194073
0.00019598
0.000212908
0.000157118
0.000169039
0.000179052
0.000184059
0.000161886
0.000179052
0.000173092
0.000182867
0.000179052
0.000186205
0.000170946
0.000165939
0.000179052
0.000201941
0.000167131
0.00019598
0.00019908
0.0001719
0.000177145
0.000201941
0.000165939
0.000228882
0.000169039
0.000179768
0.000182152
0.000190973
0.000184059
0.000156879
0.00018096
0.00022006
0.000174999
0.000200987
0.00018692
0.00020504
0.000173092
0.000174046
0.000185013
0.00019002
0.000231028
0.000243187
0.000149012
0.000169992
0.000179052
0.000185966
0.000184059
0.000175953
0.000182867
0.000153065
0.000179052
0.000216961
0.000170946
0.000180006
0.00018096
0.000193119
0.000176907
0.000197887
0.000192881
0.000171185
0.000161886
0.000179052
0.000157118
0.0001719
0.000235081
0.00022316
0.000190973
0.000198841
0.000183105
0.000169039
0.000182867
0.000185013
0.000174046
0.000175953
0.000169992
0.000185966
0.000175953
0.000181913
0.000201941
0.000215054
0.000195026
0.000232935
0.000189066
0.000174046
0.00017786
0.00019002
0.000195026
0.000176907
0.000179052
0.000201941
0.000163078
0.000180006
0.00019598
0.000261068
0.000165939
0.000159025
0.000167131
0.000153065
0.000179052
0.000188112
0.000177145
0.000185013
0.0001688
0.000219107
0.000169992
0.000154018
0.000182152
0.000208139
0.000190973
0.000200033
0.000175953
0.000206947
0.000149965
0.000166893
0.000154972
0.000192881
0.00019908
0.000164032
0.000176191
0.000207901
0.000178099
0.000222921
0.000192165
0.000210047
0.000169039
0.000178814
0.00018692
0.000175953
0.000178099
0.000182152
0.000148058
0.000221968
0.000169039
0.000180006
0.000179768
0.000183105
0.000192165
0.000160933
0.000178099
0.000187159
0.000242949
0.000252962
0.000763893
0.00090313
0.000188828
0.000187874
0.000226021
0.000231981
0.000182152
0.000173092
0.000209093
0.000279903
0.000172853
0.00019598
0.000187874
0.00022006
0.00019002
0.000206947
0.00019002
0.000196218
0.000188112
0.000187874
0.000152826
0.000195026
0.000191927
0.000221968
0.000173807
0.000180006
0.0001719
0.000208139
0.000209093
0.000232935
0.000138998
0.000185013
0.000191927
0.000172853
0.000172138
0.000182867
0.000195026
0.000213861
0.000184059
0.000249147
0.000143051
0.000169039
0.00019598
0.000176191
0.000169992
0.000193834
0.000185013
0.00019002
0.000163078
0.000242949
0.000168085
0.000233889
0.000185966
0.00018692
0.00018096
0.000197172
0.000176907
0.000185013
0.00018096
0.000262976
0.000160217
0.000184059
0.000187159
0.000180006
0.000204086
0.000186205
0.00020504
0.000204086
0.00019002
0.000234842
0.000183821
0.000226021
0.00019002
0.000170231
0.000181913
0.000199795
0.000163078
0.000182867
0.000174046
0.000213861
0.000159979
0.000173807
0.000185013
0.000181913
0.000171185
0.000174999
0.0001719
0.000182152
0.000200033
0.000197172
0.000149012
0.000191927
0.000170946
0.00019002
0.000169992
0.00018096
0.00018692
0.00019002
0.000174999
0.000200987
0.000166893
0.00016284
0.000191927
0.000155926
0.000184059
0.000185013
0.000148058
0.000190973
0.000166893
0.000230074
0.00016284
0.000176191
0.000192165
0.000194073
0.000196934
0.000205994
0.000159979
0.000205994
0.000153065
0.000176191
0.000158072
0.0001688
0.000181913
0.000177145
0.000173092
0.000213146
0.000163078
0.000177145
0.000158072
0.000161171
0.000176907
0.000202894
0.000174999
0.000205994
0.000170946
0.000179052
0.000173807
0.000179052
0.000166893
0.00019002
